0 
1 9 29 64 70 76 83 85 87 111 124 148 167 181 191 206 208 220 232 247 269 273 288 290 294 304 310 335 337 366 384 401 403 407 415 454 464 499 526 528 536 565 575 583 591 597 600 618 622 624 645 655 
2 
3 
4 
5 
6 15 39 54 62 64 99 105 128 132 138 148 156 158 171 177 185 193 202 230 255 261 265 271 282 304 318 331 347 351 384 388 409 427 433 452 454 474 478 487 491 530 550 561 563 565 604 610 628 665 669 
7 
8 
9 11 17 35 44 50 81 83 89 97 115 120 132 169 177 183 191 193 208 226 249 263 292 296 304 312 327 343 353 357 368 411 431 433 435 439 444 474 499 507 511 515 524 534 542 544 554 556 579 616 618 630 636 638 655 657 663 677 679 
10 3 17 23 66 68 76 109 119 124 128 138 140 181 189 191 199 294 306 312 318 323 347 353 355 372 374 376 386 405 429 433 464 474 491 503 517 542 567 571 600 616 624 638 657 669 675 
11 
12 
13 
14 
15 1 3 11 13 15 35 37 52 60 64 68 83 89 109 140 158 163 181 200 212 214 226 228 249 255 261 271 275 343 349 357 394 396 405 413 433 435 439 456 458 470 497 499 519 546 548 569 571 589 602 608 618 624 632 641 657 659 
16 
17 
18 
19 
20 1 7 52 54 58 62 117 120 126 130 140 142 191 212 224 234 247 251 306 308 316 353 355 380 419 425 427 458 460 470 476 493 505 515 520 522 540 552 569 577 595 626 628 632 649 663 667 
21 
22 
23 
24 
25 
26 
27 
28 
29 
30 
31 
32 
33 
34 
35 
36 3 17 31 35 48 64 74 76 81 113 130 140 148 173 187 208 238 251 269 288 294 310 370 382 394 411 444 460 470 487 497 532 538 558 567 589 600 606 610 614 632 641 
37 
38 
39 
40 
41 
42 
43 
44 
45 25 37 44 56 101 122 140 173 177 181 200 202 214 226 253 296 318 321 323 327 335 341 353 362 390 411 417 435 440 478 493 497 507 511 520 526 530 565 567 581 589 618 620 638 643 645 655 667 
46 
47 3 23 62 66 83 89 152 165 173 197 206 218 222 290 294 304 318 325 329 331 337 349 368 413 433 460 476 489 507 538 581 600 604 610 616 628 647 649 661 
48 
49 
50 
51 
52 1 9 25 44 52 54 64 130 148 173 177 179 181 208 216 269 282 286 300 314 327 339 360 364 368 401 409 435 444 452 456 460 472 478 491 493 530 556 561 581 597 604 610 647 651 653 657 659 667 677 
53 
54 
55 3 27 35 39 42 54 74 99 111 140 146 169 179 181 183 202 208 216 224 232 241 247 261 277 298 310 316 325 327 333 362 378 413 415 417 431 433 472 485 487 489 499 513 517 524 538 544 550 554 558 597 628 643 645 663 
56 
57 9 15 17 37 40 42 60 66 70 74 97 117 128 148 163 197 279 282 284 288 310 314 341 366 396 407 409 411 413 417 419 427 433 460 474 481 483 491 505 517 532 534 546 561 597 612 628 634 638 647 649 653 
58 
59 7 37 70 83 89 95 103 117 124 132 138 152 161 175 179 183 189 197 212 214 245 253 259 292 298 347 349 401 439 448 452 466 517 548 552 569 573 589 630 645 665 667 
60 1 15 21 25 35 78 83 91 101 107 115 124 136 154 161 187 199 208 230 241 282 296 306 325 327 347 360 362 364 372 378 386 405 419 431 435 437 468 495 505 509 515 517 554 563 593 595 600 614 618 620 634 
61 
62 
63 21 23 40 42 48 70 74 87 111 119 154 169 173 206 212 228 232 251 275 279 288 298 300 312 360 364 368 396 425 458 464 478 487 489 497 515 519 538 542 556 563 583 587 604 612 616 653 
64 
65 
66 
67 
68 
69 
70 
71 
72 3 25 27 35 44 68 74 85 97 115 119 120 128 138 146 158 169 179 181 249 271 273 284 286 288 292 347 349 357 360 368 378 392 396 405 407 409 417 423 446 448 474 476 509 536 544 550 554 569 577 581 602 606 614 622 624 630 636 645 655 671 677 
73 
74 
75 
76 
77 
78 
79 
80 
81 11 48 50 103 113 119 163 169 187 216 224 259 263 267 277 290 333 345 388 392 435 446 452 460 470 476 481 493 536 540 561 567 597 599 600 620 669 673 
82 
83 9 19 29 40 62 87 105 113 140 150 165 200 210 212 236 286 294 296 321 325 359 370 384 394 415 425 433 452 456 462 476 489 493 511 550 563 567 577 600 610 643 663 669 
84 
85 
86 1 3 54 56 60 81 115 128 154 169 187 202 214 232 245 249 255 259 261 271 282 296 298 325 333 341 343 360 366 372 415 419 423 431 437 454 458 478 481 489 497 503 505 540 546 569 589 595 602 608 643 665 667 
87 1 19 21 23 25 29 39 48 50 87 101 109 111 142 152 189 197 206 214 216 236 245 247 249 269 271 286 316 321 335 337 343 347 349 353 378 401 419 423 433 466 472 483 511 520 522 536 538 548 558 575 587 599 643 649 653 655 667 
88 
89 
90 
91 
92 11 29 40 42 52 60 64 66 68 72 105 109 111 115 167 173 175 200 220 249 263 277 282 298 300 308 310 327 341 355 357 370 442 458 464 466 476 478 493 507 513 534 536 538 565 583 612 628 630 638 643 647 649 669 
93 
94 
95 
96 
97 
98 
99 
100 7 21 23 33 54 68 87 89 91 103 111 115 128 148 173 181 195 206 208 241 247 263 279 314 318 335 351 357 359 360 372 382 390 392 427 431 454 491 499 507 520 542 546 548 552 554 561 569 577 591 643 679 
101 
102 40 50 54 56 83 111 115 124 128 134 152 156 163 175 177 183 216 220 243 271 279 280 298 304 314 327 331 357 359 362 380 396 401 427 429 442 497 505 517 524 530 538 593 626 643 
103 
104 
105 
106 
107 
108 
109 7 31 35 37 66 87 91 101 115 130 142 148 158 171 175 185 193 200 212 230 249 253 259 271 302 335 341 353 355 364 370 374 386 392 394 413 437 439 454 460 464 468 470 499 507 520 528 565 571 591 612 667 673 
110 
111 5 21 37 54 60 70 72 134 150 181 193 195 200 206 226 232 257 259 271 275 282 304 327 339 349 366 368 372 427 442 450 456 466 470 472 478 501 507 513 550 585 589 593 602 
112 
113 5 7 17 21 39 91 97 111 128 132 146 158 163 167 169 191 199 202 206 212 216 218 236 265 267 269 275 277 282 294 302 306 312 316 323 386 388 401 423 431 446 448 464 478 485 497 528 548 550 554 558 563 606 608 616 628 638 645 659 677 
114 
115 
116 
117 
118 
119 
120 
121 
122 
123 
124 
125 
126 
127 
128 
129 
130 
131 
132 
133 
134 
135 
136 19 31 44 46 60 70 76 97 103 130 144 163 169 181 183 193 228 243 251 273 275 277 282 300 306 312 316 331 341 357 392 411 427 442 446 464 472 509 515 522 526 597 602 612 620 626 628 647 671 
137 7 23 37 40 72 74 85 109 111 126 140 142 165 167 171 199 200 218 228 253 263 267 275 279 286 294 323 331 335 353 359 368 378 427 437 458 460 466 501 509 511 524 550 556 563 565 573 583 604 608 614 628 649 663 667 679 
138 
139 7 17 37 72 78 85 115 154 165 173 183 193 195 206 218 245 255 308 312 323 327 329 347 370 376 380 413 425 435 440 444 456 464 487 507 509 513 544 552 556 569 589 610 634 636 653 663 669 
140 13 21 39 46 50 54 56 58 101 117 122 124 148 181 195 200 206 238 241 275 284 290 296 312 327 335 347 351 380 394 413 435 439 485 491 497 515 517 519 540 544 546 616 622 626 628 651 677 
141 
142 
143 
144 
145 
146 
147 1 5 11 15 17 19 33 81 99 107 119 130 136 138 144 156 165 169 171 187 202 206 212 226 230 232 277 290 310 323 325 327 333 337 339 360 388 413 423 433 450 470 493 497 499 501 552 554 569 573 618 626 628 630 645 679 
148 
149 1 13 15 42 70 81 83 87 105 115 132 138 158 163 167 179 189 212 216 220 259 261 286 306 327 337 349 355 359 372 396 401 413 421 425 454 468 491 513 515 528 532 542 554 556 561 563 565 571 612 626 667 669 671 677 
150 1 9 11 17 29 46 50 54 56 64 70 83 101 124 132 138 156 167 220 228 243 316 339 374 382 398 437 452 456 491 493 495 501 507 509 517 522 524 540 546 565 575 581 587 600 634 643 655 675 679 
151 
152 7 11 13 23 37 39 40 46 52 54 70 72 85 107 120 158 161 169 177 204 224 230 263 284 294 306 308 310 321 341 349 355 370 394 409 413 437 439 444 448 452 466 495 520 542 554 614 616 626 647 665 667 673 
153 
154 
155 19 31 37 60 78 93 107 124 134 167 169 189 236 249 261 275 277 286 292 298 300 310 327 331 339 349 351 355 386 390 401 495 509 536 538 540 556 567 573 575 589 600 612 620 634 636 665 675 
156 7 21 23 27 31 46 52 78 89 93 115 132 136 183 185 191 195 202 220 259 288 294 306 321 331 351 370 392 417 431 437 444 470 476 478 511 528 550 556 585 591 655 659 679 
157 3 13 27 66 83 87 91 113 146 167 173 175 195 212 214 226 230 251 259 261 275 277 279 286 296 298 321 374 417 421 440 446 458 466 476 517 530 538 548 567 573 577 581 585 622 628 653 679 
158 
159 9 11 23 25 39 40 44 46 56 62 97 130 134 148 150 177 179 212 218 251 275 279 294 349 362 374 378 413 444 446 454 466 478 481 487 517 563 567 595 600 626 628 641 661 665 669 671 
160 
161 
162 
163 
164 3 19 25 27 37 39 64 78 85 99 128 165 173 222 241 253 255 282 292 294 296 316 323 325 337 345 347 349 362 382 411 419 425 429 442 446 448 460 483 485 495 499 538 544 548 593 626 641 643 649 671 
165 1 11 13 39 40 58 91 93 97 120 124 163 171 175 181 185 206 245 247 267 271 286 308 312 318 325 341 349 353 372 376 378 409 411 421 495 505 517 528 536 540 548 561 563 565 577 579 593 597 600 618 628 643 645 657 671 
166 
167 
168 3 15 25 72 89 101 113 132 138 158 167 175 181 195 202 222 238 253 275 294 298 351 360 374 409 417 421 462 464 470 474 485 495 497 505 526 540 546 548 606 610 616 634 643 649 653 671 
169 
170 
171 
172 13 17 31 44 54 76 83 87 95 105 109 122 130 140 146 161 165 171 177 193 197 210 220 222 236 273 275 292 314 327 331 343 405 411 419 431 440 454 476 478 487 520 532 546 548 558 565 589 604 620 632 643 649 655 
173 
174 
175 
176 
177 
178 
179 17 19 23 33 35 37 50 68 78 89 142 181 187 199 208 216 222 247 251 255 265 271 277 284 294 302 327 386 390 392 401 405 421 427 437 444 450 454 460 503 509 513 515 522 524 540 552 563 567 583 585 643 647 649 651 677 679 
180 
181 
182 
183 
184 39 74 117 128 130 132 150 183 185 195 197 200 214 224 238 249 265 277 282 290 304 355 374 409 415 433 435 439 454 458 495 497 511 519 530 534 561 563 567 573 575 579 595 600 612 626 632 645 649 
185 15 37 52 62 76 113 115 122 130 142 173 185 187 189 195 226 232 236 257 259 273 280 302 333 341 345 359 360 364 370 390 396 398 403 409 411 439 440 470 474 476 478 491 505 524 540 544 561 573 579 599 620 624 630 636 655 
186 
187 
188 
189 
190 
191 
192 
193 
194 
195 
196 3 17 19 44 50 54 68 91 95 101 126 158 177 212 234 247 253 318 321 323 331 341 349 374 380 394 409 415 429 450 454 476 483 499 501 503 542 561 593 618 636 649 667 669 
197 
198 
199 
200 
201 7 11 13 44 50 52 68 74 97 140 142 158 177 199 206 208 249 255 259 273 275 304 308 323 329 335 339 343 360 403 413 429 431 439 452 456 491 507 517 550 563 577 604 659 677 
202 
203 
204 
205 7 33 35 70 101 117 122 130 132 138 177 187 204 218 220 230 245 247 269 275 277 284 292 294 310 327 333 335 370 374 403 413 437 452 466 495 517 524 538 548 550 563 565 567 577 593 597 606 624 626 630 641 643 651 669 675 
206 
207 
208 
209 
210 29 37 44 54 81 89 101 103 128 144 169 175 181 200 212 218 220 249 310 357 359 376 380 394 433 450 485 487 493 511 513 519 534 538 544 552 567 575 587 604 608 630 661 671 679 
211 5 13 17 37 54 64 70 85 109 111 117 130 150 156 169 183 197 200 202 208 216 222 224 251 257 259 261 343 345 351 355 366 378 394 413 425 429 439 440 446 448 452 456 466 470 474 481 485 493 505 511 517 550 554 556 600 616 628 638 649 
212 
213 
214 
215 
216 
217 
218 
219 
220 5 29 33 35 37 40 60 62 68 76 93 95 97 109 115 130 148 156 212 218 257 259 284 288 300 337 345 347 357 360 364 405 409 411 415 452 466 468 487 505 507 517 519 528 534 597 610 618 636 655 657 659 673 675 
221 
222 
223 
224 
225 
226 
227 
228 
229 
230 
231 
232 
233 3 37 64 109 113 117 128 169 185 191 204 214 228 236 265 267 286 304 318 323 325 329 339 351 359 372 374 376 392 398 411 433 435 448 454 474 515 542 587 604 628 647 651 657 677 
234 
235 
236 13 40 50 66 68 72 120 130 150 152 169 177 195 204 212 218 277 282 290 298 304 308 323 339 368 374 376 398 401 407 421 425 429 440 456 519 520 552 554 569 575 632 649 653 663 675 
237 
238 
239 
240 
241 
242 23 39 44 46 76 101 113 115 134 175 212 218 234 236 243 249 251 255 269 290 292 316 318 343 353 376 411 431 442 476 489 503 507 522 526 546 567 569 579 581 583 610 618 622 665 667 
243 
244 
245 
246 
247 
248 15 23 27 29 42 44 52 60 72 85 101 113 130 138 148 150 152 156 187 197 216 228 234 253 255 267 273 275 284 294 304 329 376 382 390 433 437 454 478 481 491 499 501 534 544 546 550 569 577 581 585 612 618 626 638 667 
249 
250 
251 5 13 21 27 42 54 58 66 74 78 83 97 101 120 124 134 136 138 144 152 177 179 189 199 206 212 228 232 238 253 259 280 306 335 345 351 378 423 425 429 437 507 511 522 526 546 575 583 595 597 628 632 651 661 671 
252 15 17 33 35 48 64 76 95 105 109 128 134 169 193 199 204 212 279 298 345 347 353 359 366 398 407 439 448 450 456 462 468 472 478 489 497 513 546 548 558 606 616 622 628 632 645 665 667 
253 
254 
255 7 13 25 33 35 46 54 66 68 89 95 111 138 154 167 175 179 206 224 232 249 251 273 282 306 316 353 355 359 368 378 390 392 403 419 532 550 558 563 565 616 663 677 679 
256 
257 25 44 48 62 66 68 83 89 120 128 130 140 142 163 181 185 187 212 226 234 267 277 284 288 321 329 349 362 372 405 421 429 442 454 456 468 485 499 524 542 556 565 567 575 581 589 600 622 630 647 663 665 
258 
259 
260 
261 
262 
263 25 27 31 39 64 74 78 85 89 91 95 128 136 150 169 220 228 236 253 255 257 277 300 323 343 388 392 407 431 440 442 448 458 476 481 487 497 501 509 536 538 556 600 616 630 657 669 671 
264 
265 
266 
267 1 7 11 37 39 48 70 91 101 115 130 134 146 163 179 187 191 200 257 259 271 284 292 304 329 333 341 359 362 388 392 409 429 435 458 462 474 485 497 509 542 550 556 585 593 597 612 614 622 628 643 
268 
269 
270 
271 
272 
273 
274 1 15 23 39 50 56 85 95 109 119 120 144 152 158 169 200 212 224 255 265 267 298 321 329 333 343 353 355 364 386 390 405 429 437 444 452 478 493 503 538 546 554 561 569 573 591 599 618 632 643 645 649 
275 
276 
277 
278 
279 
280 
281 9 11 23 48 50 81 101 130 156 161 177 179 212 241 249 251 280 333 349 351 357 372 386 417 429 431 433 440 448 466 474 476 483 489 491 503 542 577 618 622 624 630 632 659 661 675 
282 
283 
284 
285 
286 
287 1 9 11 13 21 23 33 52 74 81 91 93 99 103 119 138 142 171 173 185 193 220 241 275 284 294 329 347 362 401 423 429 450 495 497 503 517 519 563 569 579 585 604 612 616 671 
288 
289 
290 
291 44 54 56 64 70 72 91 93 101 107 111 132 138 156 163 173 175 183 189 191 195 204 224 228 230 232 234 236 257 261 279 282 284 314 318 325 331 355 362 384 396 442 460 468 501 507 532 534 552 556 567 571 577 591 606 608 614 618 632 636 638 643 665 671 679 
292 
293 1 5 17 29 31 46 54 68 83 144 148 177 179 187 195 208 243 255 265 277 292 339 343 345 360 364 366 382 384 394 398 401 409 446 450 456 458 478 481 491 520 524 534 579 591 608 618 638 649 659 
294 7 46 81 115 134 152 154 199 206 236 249 253 263 273 284 308 310 329 368 374 382 388 407 419 433 435 464 507 550 563 573 575 581 587 595 612 632 663 675 
295 3 7 19 21 25 46 48 85 117 136 156 163 169 175 179 181 185 187 193 200 210 218 251 284 288 290 292 304 306 323 329 362 374 380 386 415 419 442 444 454 458 505 509 536 548 556 573 597 632 663 
296 25 37 48 74 76 97 115 120 126 158 187 191 218 222 226 277 286 318 343 353 357 359 362 368 405 415 429 454 466 470 478 487 489 491 497 499 501 505 515 524 530 532 554 573 575 589 608 614 626 636 647 677 
297 1 7 13 40 52 72 81 99 111 120 124 142 146 150 154 156 183 191 210 220 249 267 273 275 277 284 288 292 306 318 321 353 374 376 384 398 415 431 435 476 481 489 497 526 532 571 602 616 638 665 
298 
299 
300 
301 
302 
303 
304 7 21 23 42 64 83 87 126 138 146 148 156 191 193 206 212 218 228 232 243 249 251 257 269 286 300 304 308 333 343 353 364 366 368 388 411 440 450 460 476 503 532 540 554 558 563 567 571 581 626 645 647 659 667 671 
305 
306 
307 
308 
309 
310 
311 7 23 44 54 56 76 81 95 105 107 124 150 161 189 241 259 271 280 296 300 314 335 351 378 380 382 388 390 409 421 429 435 437 440 446 483 495 522 554 558 569 573 575 608 610 616 620 653 655 661 
312 
313 
314 
315 1 7 21 33 40 48 54 85 95 99 103 111 128 167 175 189 212 238 284 288 294 296 318 347 349 362 401 407 415 439 450 466 478 495 497 519 520 532 538 540 548 569 577 579 583 591 597 602 606 616 620 628 638 645 661 663 
316 21 50 60 83 99 109 146 158 175 177 181 206 208 226 232 241 253 275 277 296 310 312 325 329 341 392 409 411 413 429 440 442 450 489 503 507 542 552 575 591 595 606 610 626 628 636 649 653 
317 3 31 46 56 76 81 91 158 163 165 175 179 224 269 271 275 290 294 298 333 343 366 368 384 401 403 409 411 413 423 442 472 489 497 503 511 515 526 573 583 602 612 624 634 638 
318 1 3 19 21 29 48 56 74 81 111 113 161 187 199 224 228 236 238 241 253 257 267 273 280 292 304 321 325 364 372 382 421 423 425 440 442 452 460 478 481 489 507 524 569 571 577 581 583 589 612 630 636 655 657 667 
319 37 46 54 74 81 85 91 95 105 122 130 142 144 152 154 163 165 175 187 200 220 236 238 253 284 304 318 337 339 345 353 374 398 403 409 411 435 446 462 481 483 487 507 520 532 577 589 591 618 630 634 663 
320 
321 
322 
323 1 11 13 35 46 64 72 105 113 117 140 142 150 158 171 189 193 218 243 245 263 277 282 290 292 294 298 318 321 345 355 357 359 376 386 407 421 427 433 450 452 464 470 511 513 522 526 544 550 567 591 614 665 667 
324 
325 
326 5 21 23 42 48 72 76 83 97 101 107 156 161 183 191 214 216 234 236 261 279 343 345 390 413 419 435 493 505 524 556 591 612 636 641 645 647 659 663 
327 
328 
329 
330 
331 
332 
333 
334 
335 
336 
337 23 35 39 48 66 68 78 95 99 111 119 132 142 154 171 181 197 206 216 220 247 255 273 304 308 337 345 349 366 370 372 384 413 417 419 421 427 431 433 444 460 485 489 491 493 501 519 591 618 628 645 651 671 675 677 
338 7 15 19 39 44 66 99 101 124 142 181 232 243 247 255 259 267 275 286 292 298 347 370 374 388 413 417 423 433 460 464 472 499 503 534 563 569 599 612 626 
339 
340 23 27 52 58 64 81 83 85 91 95 103 117 128 140 142 167 169 179 218 220 226 228 257 263 265 273 275 292 300 306 333 335 347 351 353 355 370 382 388 411 423 425 433 435 446 462 491 503 513 515 520 526 530 534 561 587 593 604 610 626 634 645 
341 5 13 83 91 103 142 165 206 220 267 269 273 282 298 329 339 368 370 382 384 392 417 423 439 446 485 503 511 532 542 554 571 581 583 593 604 628 632 636 645 655 663 665 
342 
343 
344 
345 
346 
347 1 39 58 60 74 76 78 81 97 99 115 122 154 158 175 193 202 204 228 253 259 263 282 296 306 331 335 359 362 364 368 372 374 378 382 388 394 431 439 470 481 491 495 503 513 538 542 546 556 579 585 589 600 624 626 638 641 651 663 679 
348 
349 
350 
351 21 39 40 58 62 78 81 83 97 99 103 107 109 120 134 144 161 224 232 247 249 251 257 259 269 277 280 284 288 312 318 337 339 359 374 398 407 435 437 454 470 487 501 503 530 532 571 597 600 622 667 671 
352 
353 
354 
355 
356 
357 
358 
359 11 17 21 33 46 81 85 93 95 115 122 191 216 218 220 247 273 280 310 349 360 372 390 396 403 423 431 433 442 464 481 491 499 507 526 530 548 565 597 630 653 655 669 675 677 
360 
361 
362 
363 
364 9 29 42 48 50 66 99 109 119 120 128 130 146 187 199 202 212 232 263 279 290 304 312 314 323 345 353 384 386 431 442 454 458 509 519 520 522 532 542 550 573 602 608 620 632 641 653 
365 11 46 70 74 83 87 89 95 113 128 136 144 161 169 179 189 208 238 263 280 298 302 323 327 347 362 368 376 396 403 409 421 431 444 483 487 499 524 534 536 552 565 573 608 641 647 653 655 671 673 
366 23 48 64 78 83 85 95 105 161 179 181 189 224 238 253 257 267 273 286 290 296 323 333 345 357 374 440 442 456 462 468 472 485 497 503 517 536 561 563 579 595 610 636 641 647 
367 
368 
369 5 21 42 50 52 64 76 89 91 101 136 140 152 173 177 187 197 200 212 218 222 226 232 238 245 288 298 318 321 323 353 355 368 374 376 396 398 401 403 409 421 425 429 444 446 448 454 493 499 501 503 511 513 538 554 591 616 620 632 
370 
371 
372 
373 
374 
375 
376 
377 15 27 35 40 44 89 93 115 126 144 150 195 204 230 241 247 269 286 327 341 347 353 362 376 390 411 421 431 452 476 485 517 524 532 546 558 563 589 600 602 606 610 636 651 659 675 
378 17 19 25 33 37 39 48 54 58 89 99 103 113 126 148 156 173 175 189 193 208 210 218 222 241 247 259 286 298 312 347 353 398 405 423 427 440 452 552 577 600 622 626 641 673 677 
379 
380 
381 37 54 66 68 83 103 111 161 165 167 173 177 183 218 222 224 236 241 261 290 304 347 353 357 382 390 423 450 458 491 519 542 548 561 569 577 583 610 616 626 645 663 673 675 679 
382 
383 
384 
385 7 17 21 25 35 42 44 52 68 103 113 120 132 150 163 167 171 187 189 200 204 206 210 249 318 321 349 374 388 394 403 409 431 444 452 466 487 491 495 507 511 548 550 554 561 563 587 591 610 614 616 626 628 645 659 
386 
387 7 19 21 33 62 111 124 152 158 173 189 224 226 265 279 282 306 310 312 314 321 323 335 339 341 349 360 376 384 413 415 444 446 499 509 519 534 565 581 585 591 597 618 630 651 
388 9 11 15 25 29 42 46 48 52 60 62 66 78 93 105 122 124 126 132 169 230 236 247 263 273 294 298 308 339 368 382 425 454 470 472 503 511 519 520 524 540 546 565 618 622 632 671 
389 
390 
391 17 50 99 109 111 124 130 142 148 152 165 175 187 214 228 241 245 253 261 267 275 284 310 316 329 333 353 401 403 407 419 423 446 462 464 478 499 519 524 526 571 579 593 597 602 606 618 641 657 663 669 677 
392 
393 
394 
395 44 52 81 124 148 177 218 222 236 259 261 275 292 296 302 318 333 337 339 362 378 390 394 396 403 405 409 431 437 474 476 485 522 524 546 556 558 569 579 589 634 643 659 671 677 
396 
397 
398 
399 
400 
401 
402 
403 
404 33 35 56 78 85 91 119 126 144 152 156 167 181 185 187 216 218 241 249 251 255 259 271 275 280 288 290 292 308 316 341 372 376 384 386 394 431 440 466 476 487 499 503 532 546 556 571 599 620 649 655 669 671 673 677 679 
405 
406 
407 9 35 48 68 101 171 179 183 200 214 230 236 241 269 275 294 304 306 331 366 382 401 411 421 435 456 462 474 497 501 503 515 517 522 536 550 552 593 602 612 667 
408 1 9 15 21 25 46 62 68 72 89 97 99 101 117 136 169 191 193 197 202 204 206 218 222 226 238 257 265 282 294 302 329 337 355 366 374 401 411 419 421 435 483 505 511 513 515 517 536 542 544 546 556 561 567 577 589 597 610 628 638 659 
409 
410 
411 
412 
413 5 13 46 52 58 64 76 83 95 122 126 136 154 165 171 181 189 210 218 222 226 249 267 284 292 323 329 331 339 345 347 359 372 386 417 421 425 427 442 472 487 491 497 499 501 520 528 544 563 565 585 591 595 602 614 620 634 636 657 675 677 
414 5 7 11 31 52 56 66 70 76 103 117 142 150 158 183 193 212 214 220 275 298 304 347 366 370 382 384 403 417 423 427 433 446 450 452 472 478 491 499 507 532 544 558 565 569 614 622 630 645 651 669 673 677 
415 
416 
417 1 7 83 85 95 99 105 115 126 128 134 140 144 163 177 189 191 204 216 220 230 243 253 267 275 288 292 302 318 323 329 333 370 374 376 392 394 401 415 440 472 495 515 526 534 540 548 550 556 565 569 612 643 
418 
419 15 39 40 48 58 64 70 74 85 103 117 119 124 161 200 212 222 241 255 271 277 279 296 318 335 366 376 396 405 409 427 444 450 452 458 474 489 511 522 524 532 575 583 593 620 626 630 653 659 663 671 
420 
421 
422 
423 
424 9 11 29 35 40 46 60 70 95 99 105 113 119 124 158 193 206 241 243 247 255 259 282 284 290 302 310 331 343 360 394 407 417 421 425 429 470 476 478 487 505 517 522 524 526 538 548 573 575 581 604 608 610 620 661 
425 
426 
427 
428 
429 
430 
431 
432 
433 
434 
435 
436 
437 
438 29 31 33 39 161 222 230 253 259 279 282 302 312 314 323 353 366 374 376 390 398 423 437 439 456 462 470 476 483 485 495 505 519 534 540 550 565 585 589 593 597 614 624 636 641 645 647 655 665 671 673 
439 
440 
441 
442 
443 
444 
445 
446 
447 
448 17 23 27 29 31 50 64 83 122 136 140 142 163 169 173 175 177 191 202 218 232 243 269 288 308 316 333 355 357 364 376 384 407 409 448 452 458 478 481 493 552 561 585 602 606 608 616 620 628 638 651 669 671 
449 7 11 27 29 39 52 66 68 99 120 132 152 156 175 177 189 195 202 206 228 241 253 263 267 271 275 282 286 298 335 355 357 359 360 364 386 413 433 439 446 487 509 530 550 552 556 579 599 616 618 659 661 665 667 
450 
451 
452 1 3 23 29 37 39 62 64 74 78 81 111 117 119 126 140 142 148 150 173 200 243 251 259 263 284 292 300 308 312 327 335 339 351 362 378 390 423 444 456 468 474 481 485 501 503 530 546 554 556 558 608 612 618 622 657 667 669 671 677 
453 
454 
455 
456 3 50 54 64 70 87 91 97 128 171 181 187 193 212 224 241 243 271 304 306 312 327 343 353 366 368 370 372 380 382 390 398 403 405 421 425 444 456 460 483 485 495 501 507 511 526 540 542 550 587 608 620 665 673 677 
457 7 23 29 33 39 46 52 60 62 76 85 99 103 109 115 138 148 163 197 206 251 255 257 282 290 294 310 314 339 345 359 366 372 388 394 427 474 483 495 499 509 534 548 573 575 585 587 622 634 651 663 
458 
459 
460 
461 3 31 46 56 78 105 119 120 154 171 189 195 208 210 224 232 236 257 261 314 316 323 347 351 360 384 409 429 433 454 470 476 485 493 495 503 507 513 522 526 532 581 589 591 614 679 
462 
463 9 19 72 91 93 119 120 126 128 134 148 150 152 154 163 197 199 245 247 251 257 261 271 277 279 284 286 288 302 304 306 331 335 349 355 380 386 401 405 407 409 427 456 458 483 485 505 513 519 558 569 579 589 595 608 618 632 645 655 673 
464 
465 
466 
467 
468 
469 5 7 35 46 70 81 83 85 107 111 136 146 177 200 206 212 218 222 224 241 261 273 294 310 318 323 327 329 360 362 366 374 419 421 435 439 446 448 454 503 505 509 522 524 552 558 567 573 579 587 597 602 616 618 632 653 663 671 675 
470 17 27 31 39 40 48 89 93 122 146 169 173 175 193 199 204 206 212 238 304 312 314 316 318 325 337 372 380 382 390 413 425 435 437 454 472 476 495 556 561 573 577 579 581 583 593 620 630 641 645 671 
471 11 31 35 64 87 122 126 128 134 138 140 156 158 169 214 232 259 275 280 284 302 329 376 382 386 396 407 435 450 456 460 481 495 511 519 520 544 563 567 571 573 577 587 593 595 647 663 677 
472 
473 
474 
475 
476 1 7 11 15 25 31 37 42 56 76 83 89 95 103 107 124 150 185 193 200 202 222 230 245 249 280 314 323 327 341 347 357 390 423 442 464 466 481 501 505 513 524 526 532 556 569 583 599 600 604 630 645 659 665 
477 
478 
479 
480 
481 
482 
483 
484 56 83 87 119 187 214 243 249 253 255 279 288 290 304 308 312 376 407 421 437 446 476 491 519 528 534 544 546 556 563 571 575 597 600 612 630 638 645 651 665 675 
485 
486 21 48 70 76 95 101 120 124 126 144 154 161 163 179 193 222 226 241 249 251 253 280 333 335 360 364 366 376 378 382 388 392 419 429 442 448 452 460 513 528 532 565 581 595 597 604 614 616 634 636 653 663 673 677 
487 
488 7 13 25 42 46 91 95 105 107 144 158 175 202 214 238 265 267 277 347 355 364 368 398 421 437 472 481 489 491 497 509 565 575 579 597 606 632 634 636 649 659 661 671 
489 
490 
491 
492 
493 
494 19 33 54 81 85 122 124 134 144 158 163 175 257 259 265 273 296 318 321 355 362 368 376 390 411 429 446 464 485 487 497 513 522 526 554 558 600 606 610 612 626 649 667 673 677 679 
495 
496 
497 
498 
499 
500 5 21 25 42 50 60 81 99 103 107 156 165 173 199 200 204 210 245 251 275 280 290 292 296 323 349 351 353 362 390 398 411 417 442 450 456 489 491 509 517 532 538 569 571 577 585 587 599 608 630 634 638 661 663 673 
501 
502 
503 
504 
505 
506 3 11 17 37 42 58 85 93 115 122 144 163 167 200 206 224 228 230 238 249 284 288 321 337 392 396 427 429 485 493 519 522 554 575 579 585 618 677 
507 5 19 33 68 70 72 74 119 122 128 134 144 154 191 222 224 226 241 247 249 261 275 284 288 294 302 312 337 345 349 380 384 388 411 440 444 446 464 468 470 474 487 519 524 575 581 587 616 626 630 659 671 
508 
509 15 25 39 40 52 68 70 91 97 101 148 163 175 183 210 251 263 277 308 325 335 339 341 349 360 368 374 394 452 454 462 468 497 524 542 546 563 589 600 602 616 624 626 636 643 
510 
511 
512 50 52 66 72 87 107 140 144 150 169 177 179 206 234 236 241 282 286 294 296 312 325 366 372 378 398 419 509 513 522 536 540 544 548 591 610 616 624 626 649 665 667 679 
513 
514 
515 
516 37 40 52 56 60 78 85 87 109 115 120 130 138 175 189 208 214 232 243 261 263 288 298 308 312 318 329 357 360 366 368 378 390 401 403 405 419 448 452 458 495 540 552 569 585 591 614 616 618 622 655 671 
517 
518 17 64 99 117 128 136 150 152 154 171 177 187 204 216 222 241 271 310 323 339 343 347 353 370 388 403 423 437 472 491 501 509 513 517 520 540 558 569 573 622 630 634 677 679 
519 1 11 33 37 40 42 52 56 62 81 89 122 126 161 163 171 181 189 199 208 261 288 290 302 312 314 329 339 360 372 382 384 392 403 409 419 431 442 446 466 485 499 501 511 513 515 528 542 558 561 616 624 638 645 665 679 
520 19 21 25 29 31 35 44 50 56 62 70 78 91 111 126 138 144 152 156 167 169 199 200 206 238 279 280 284 286 306 308 314 327 343 359 364 390 417 419 421 425 427 431 444 450 460 462 464 468 470 476 503 513 519 524 536 538 548 552 565 577 600 647 653 657 659 671 
521 5 9 33 35 54 56 68 74 81 97 109 111 134 161 183 204 230 253 275 286 290 335 339 351 353 376 384 390 411 413 425 427 446 460 493 503 538 554 556 599 616 626 643 651 657 663 
522 
523 
524 
525 
526 
527 
528 
529 
530 5 23 52 85 119 122 136 140 158 195 204 218 224 226 232 245 257 288 339 347 360 370 378 386 403 413 419 437 460 466 470 472 552 563 567 585 604 616 630 641 653 669 677 
531 56 60 83 85 101 109 111 148 150 156 165 183 193 197 210 212 251 253 255 267 300 306 312 314 327 329 333 337 353 366 368 382 405 409 411 485 515 524 583 597 
532 
533 23 27 39 50 70 74 81 83 85 87 95 111 126 152 154 169 187 197 220 222 251 263 282 286 290 314 318 337 349 394 401 417 456 474 478 495 507 563 567 579 587 589 593 610 620 626 628 643 
534 
535 
536 
537 
538 
539 11 50 74 95 99 111 113 115 119 138 171 173 179 185 222 245 251 257 277 282 284 298 321 323 360 362 374 407 429 440 448 452 513 542 544 550 589 595 602 608 624 647 657 663 667 679 
540 
541 
542 29 31 44 58 83 119 120 138 140 224 232 243 247 265 271 284 323 343 384 392 396 421 423 440 442 454 456 472 489 501 505 507 509 520 544 546 561 563 571 573 577 604 614 616 622 632 643 649 657 659 665 667 669 
543 
544 
545 
546 3 21 39 62 78 85 99 113 115 122 124 146 148 187 236 249 271 279 296 302 323 339 353 355 368 386 392 396 403 413 417 419 466 468 481 495 499 515 526 540 550 587 591 622 628 630 641 647 
547 
548 15 37 40 89 91 138 163 165 177 189 210 216 218 236 243 249 251 273 288 294 306 339 353 368 392 398 427 433 481 513 519 532 536 538 542 554 563 569 573 593 610 626 641 649 671 
549 
550 
551 
552 13 54 74 85 89 93 101 105 124 136 144 146 179 216 220 228 263 273 290 308 314 329 331 339 341 364 380 403 407 413 423 427 431 454 456 507 519 534 573 587 599 602 638 
553 9 25 39 70 72 95 101 105 113 117 132 179 195 204 210 218 220 222 226 251 255 275 360 362 368 378 413 423 456 470 474 485 487 503 511 538 550 554 558 563 569 571 577 583 591 593 599 604 606 618 643 653 
554 1 3 23 29 42 52 56 85 91 95 103 113 117 119 134 167 177 183 187 191 216 222 241 243 259 261 275 279 292 296 321 347 353 357 394 398 403 411 419 442 450 470 478 487 507 511 517 548 552 565 567 573 579 606 608 614 616 618 641 667 679 
555 
556 1 33 48 68 95 97 101 113 115 117 206 220 230 238 259 267 280 308 314 323 347 351 360 382 409 415 429 439 442 448 485 491 493 513 519 528 561 571 585 593 626 630 645 651 663 677 
557 
558 7 13 23 37 52 54 93 109 119 130 152 156 158 173 204 216 241 243 247 249 259 282 286 302 312 314 321 357 368 370 392 405 411 425 427 429 464 470 474 495 499 513 524 548 565 573 581 616 618 620 628 638 649 657 
559 
560 25 29 31 37 58 62 64 83 99 107 165 169 191 193 214 238 245 247 251 261 275 280 296 306 321 329 335 378 382 398 409 419 446 452 462 487 489 499 507 520 526 534 548 552 561 569 577 587 612 645 675 
561 
562 
563 
564 
565 
566 
567 
568 
569 
570 1 3 5 7 15 17 46 64 91 128 130 140 158 179 191 214 222 228 232 234 236 255 265 273 280 292 306 314 335 353 368 370 380 388 411 413 431 433 470 476 493 507 511 536 540 542 612 616 618 632 667 669 
571 
572 
573 
574 
575 
576 
577 3 37 40 42 44 95 101 103 122 130 132 142 152 154 156 161 175 187 212 226 232 253 265 269 279 284 288 300 302 327 349 351 353 355 370 386 390 392 398 433 442 468 472 474 481 487 509 524 534 536 558 593 600 612 614 618 624 649 679 
578 
579 
580 3 5 27 40 52 66 91 105 109 113 132 154 165 169 179 181 200 247 259 267 279 282 290 314 333 360 372 396 398 448 450 485 517 532 546 577 581 608 653 669 
581 
582 25 27 37 72 89 115 122 154 171 173 175 179 187 200 202 216 222 257 261 294 302 304 312 366 378 382 386 390 392 401 403 440 442 450 464 472 476 485 505 522 532 556 571 597 599 604 606 620 630 634 638 643 649 653 675 677 
583 
584 
585 
586 
587 
588 
589 
590 
591 
592 
593 15 40 48 70 72 81 87 97 128 142 146 148 161 183 206 218 220 226 245 251 280 310 321 339 343 349 353 380 390 394 444 458 470 478 487 509 511 528 532 534 542 563 571 581 587 597 604 610 614 624 632 638 643 653 665 671 677 
594 3 7 29 33 91 99 101 107 124 144 156 163 200 202 249 257 261 265 280 294 308 310 359 370 374 384 401 407 427 437 439 446 454 470 487 497 515 519 524 526 544 556 577 581 614 641 647 649 677 679 
595 
596 
597 
598 3 27 37 39 44 58 74 91 93 103 113 115 122 136 142 146 158 161 202 210 214 218 234 259 267 273 292 329 333 337 341 366 419 425 439 442 448 452 478 501 515 519 524 544 548 558 571 610 630 643 649 663 665 671 
599 
600 
601 9 29 46 66 78 89 111 124 138 163 171 185 193 208 214 232 241 245 249 259 263 271 279 280 294 298 304 323 327 351 376 384 388 423 433 448 456 466 478 481 483 489 493 497 499 507 520 522 538 554 569 579 606 608 612 620 628 647 661 667 
602 
603 
604 
605 
606 
607 
608 
609 
610 1 23 25 44 56 62 72 89 91 101 119 122 130 152 165 167 171 183 195 216 228 263 265 296 333 339 347 355 366 368 394 407 423 454 456 458 478 491 530 540 556 575 589 622 628 630 665 667 675 
611 
612 
613 
614 
615 
616 
617 3 33 37 40 50 52 58 60 62 64 74 76 85 95 99 101 132 146 161 163 183 185 204 206 214 226 230 234 245 280 310 318 331 339 351 364 366 423 433 444 474 491 501 513 515 561 569 577 587 593 599 602 614 624 
618 29 54 60 70 74 83 97 107 120 128 130 144 189 200 210 222 263 286 302 316 339 362 382 384 390 392 429 448 452 456 460 472 495 501 517 520 534 544 558 565 571 600 606 628 636 655 657 659 
619 
620 3 7 13 19 37 66 72 74 97 99 103 119 122 136 140 142 158 177 191 193 197 204 216 271 280 306 314 341 357 366 405 429 442 466 487 493 507 524 540 548 552 563 577 581 589 602 614 632 636 641 645 659 665 673 677 
621 
622 
623 1 3 7 15 93 113 132 154 204 214 220 243 257 259 263 273 275 279 282 300 310 343 345 355 359 362 368 378 380 401 413 425 442 444 456 470 485 546 548 552 581 583 593 604 630 
624 
625 1 7 11 40 48 66 68 89 97 109 117 124 132 140 148 169 177 179 200 234 245 249 257 271 302 312 325 343 351 353 359 364 380 419 425 472 503 507 513 520 524 534 552 565 573 579 597 606 638 655 657 669 
626 
627 7 13 81 87 97 105 132 150 171 173 212 243 247 249 261 263 271 284 288 314 337 353 359 366 378 384 409 413 439 530 534 538 612 626 636 641 651 653 655 667 677 
628 15 25 33 40 52 64 68 74 78 105 113 117 132 189 204 220 226 230 271 273 279 318 335 343 349 376 388 390 392 421 435 437 440 452 458 468 476 495 517 534 542 548 554 563 569 581 585 632 636 663 669 
629 
