0 
1 
2 9 21 31 44 52 72 81 83 85 97 115 120 124 152 154 173 179 189 222 238 249 251 255 273 300 318 325 357 364 382 388 407 419 421 431 452 474 487 505 520 546 550 552 556 579 597 632 636 638 643 655 657 659 665 
3 5 13 46 78 99 132 140 144 148 150 156 195 202 206 212 230 284 286 290 327 337 345 376 411 417 423 462 464 466 481 501 505 513 526 530 532 542 552 567 602 645 663 671 
4 
5 1 46 52 58 60 89 95 97 101 105 107 111 140 144 165 193 224 226 230 243 253 310 314 321 327 331 335 337 362 384 411 417 439 448 450 464 470 520 530 536 561 567 575 581 585 599 606 624 638 647 655 
6 
7 
8 
9 7 21 40 78 83 91 109 119 124 144 152 181 230 241 253 265 279 284 290 306 312 325 337 345 353 401 407 413 452 458 468 478 499 509 550 554 556 571 575 585 587 589 591 593 597 600 665 
10 
11 1 7 9 11 19 60 74 76 83 91 99 113 115 119 142 156 158 169 173 204 224 238 273 279 282 310 341 345 347 353 360 364 366 378 435 440 446 456 466 472 476 478 501 505 507 509 517 520 534 544 546 558 561 567 591 593 608 626 651 659 675 677 
12 
13 
14 
15 
16 
17 
18 
19 
20 
21 
22 
23 
24 
25 
26 7 25 58 76 78 95 99 128 142 148 163 177 243 249 265 341 392 419 444 456 464 474 483 485 495 499 519 520 522 538 546 550 567 577 579 599 618 622 628 647 659 667 675 
27 
28 3 21 27 37 60 85 89 115 126 128 169 179 214 218 228 238 259 269 277 282 286 290 304 316 343 362 372 384 411 413 433 440 476 487 491 495 501 515 520 536 542 550 561 571 573 649 665 669 679 
29 
30 
31 
32 29 56 60 109 111 134 144 152 154 175 193 197 204 206 220 247 257 267 275 282 286 288 296 321 339 341 345 366 370 405 427 444 460 464 487 489 503 509 524 534 538 569 581 593 604 610 618 624 630 643 655 657 667 669 677 
33 
34 5 7 13 25 37 39 56 62 93 99 119 120 122 128 138 169 173 179 191 206 218 220 222 224 230 232 243 255 263 267 284 292 296 300 318 327 335 337 339 353 357 364 417 429 433 444 489 522 524 538 565 571 577 593 606 651 653 661 
35 
36 
37 
38 
39 1 7 13 17 54 56 78 81 89 101 113 128 136 146 171 173 177 181 185 200 216 226 228 232 238 241 243 257 265 275 280 300 302 310 323 325 331 345 362 374 386 423 448 456 464 470 489 495 505 520 548 550 565 575 595 602 612 620 622 630 643 653 
40 
41 
42 
43 
44 
45 9 15 31 72 78 109 119 126 150 167 179 183 202 218 232 236 247 253 271 277 292 294 296 314 333 347 366 390 411 440 444 458 472 476 487 497 499 505 515 517 520 524 530 546 563 565 595 599 624 679 
46 21 25 46 99 101 105 111 113 120 146 187 191 212 224 230 265 277 280 310 318 321 323 331 347 351 357 364 366 382 407 409 450 460 472 476 491 501 519 530 532 536 552 573 581 591 608 616 618 651 669 677 
47 48 56 85 91 101 142 158 161 202 210 222 230 238 251 277 300 337 341 372 376 378 384 388 394 401 407 427 433 454 460 472 505 507 515 544 546 558 577 595 604 653 655 657 
48 
49 
50 
51 
52 
53 
54 1 3 11 17 25 40 50 56 58 68 85 103 111 126 130 136 142 156 161 185 191 241 265 273 282 286 292 296 298 351 357 359 372 388 407 409 427 437 439 448 460 478 497 522 536 548 554 558 565 567 575 606 616 618 647 649 659 
55 
56 1 7 17 21 23 25 33 44 68 97 99 120 124 146 150 161 181 226 232 267 273 279 284 292 314 316 343 349 359 360 390 409 423 450 474 478 513 517 532 540 552 561 563 595 620 624 628 630 638 645 661 667 
57 
58 
59 7 17 27 46 50 54 60 62 64 101 113 120 122 136 165 181 183 195 200 263 273 314 329 345 360 372 380 382 388 423 427 439 440 444 446 472 483 526 530 534 554 565 583 587 618 624 651 653 659 669 
60 
61 
62 
63 13 17 23 60 91 99 103 107 115 122 140 156 169 193 195 197 202 210 216 232 292 294 302 316 331 343 353 364 366 384 396 407 419 429 431 466 470 489 493 507 520 522 563 589 618 626 630 665 
64 27 31 33 39 40 62 89 97 99 113 124 134 191 193 220 224 226 228 253 261 267 304 318 329 337 349 353 355 359 370 388 396 401 423 437 466 474 499 524 530 534 546 561 573 599 614 638 643 651 653 661 665 673 
65 29 40 56 64 70 99 111 138 148 158 161 179 183 193 195 206 222 230 279 292 302 304 306 316 337 349 376 378 380 382 394 396 398 401 407 415 421 423 427 435 454 481 483 526 536 546 554 563 569 579 583 604 614 616 624 634 636 645 657 663 671 
66 
67 
68 
69 15 25 40 62 101 109 120 132 136 140 171 173 183 214 220 222 230 249 259 277 290 296 302 304 321 323 327 339 355 360 378 392 437 458 474 487 493 497 499 515 520 522 530 567 569 579 583 600 636 659 661 679 
70 
71 
72 3 13 33 35 62 83 87 99 107 138 148 154 163 187 193 195 199 214 220 241 247 259 261 280 302 312 314 318 335 351 357 364 372 382 407 421 423 489 501 511 520 522 544 554 597 602 622 657 
73 7 15 19 29 44 46 58 72 89 95 107 119 181 197 200 232 234 249 259 269 282 296 300 306 331 341 384 405 413 421 425 429 440 446 470 481 483 485 491 501 552 563 565 569 630 641 647 649 657 671 
74 11 21 27 29 39 52 54 58 68 78 85 113 117 126 130 140 152 171 173 175 189 195 228 236 243 267 284 314 318 327 331 335 362 364 368 374 394 415 423 435 439 442 448 450 474 497 503 507 520 526 544 550 561 569 595 604 624 651 667 
75 
76 
77 
78 
79 1 15 23 39 74 83 89 93 95 99 101 111 120 122 126 146 161 169 173 187 204 212 218 224 232 243 247 253 267 269 284 292 304 329 331 337 353 360 380 398 409 444 448 450 462 476 491 511 520 534 538 544 554 587 597 620 630 647 667 669 
80 5 58 62 81 83 97 115 126 132 138 171 210 226 228 230 253 255 267 277 314 316 325 329 353 355 388 413 421 427 431 448 450 458 472 478 501 509 511 520 526 542 548 550 552 558 563 569 591 618 645 655 659 665 
81 
82 
83 
84 9 13 21 29 44 62 76 101 119 122 124 130 132 142 150 158 163 191 238 247 249 255 259 282 288 294 329 335 372 405 419 456 458 481 489 509 511 530 546 587 589 604 608 620 636 638 645 657 659 661 
85 
86 
87 
88 
89 
90 5 15 37 40 54 60 72 81 83 85 87 93 95 107 115 119 136 142 163 199 202 210 228 238 255 261 271 286 288 290 302 304 308 314 345 376 380 392 409 413 425 429 431 456 499 503 511 528 534 536 540 556 565 567 579 657 
91 
92 
93 
94 
95 1 9 27 48 54 60 66 68 87 97 128 132 134 140 154 167 173 177 179 185 228 230 234 238 249 265 271 280 284 300 310 331 335 347 349 368 417 437 454 478 513 524 538 542 544 546 567 569 573 585 632 634 643 659 661 663 673 677 
96 
97 
98 
99 25 27 39 50 70 93 107 111 113 140 150 165 179 206 208 222 234 249 286 300 304 316 318 353 362 368 372 380 384 388 392 413 419 423 425 429 462 476 511 538 544 552 567 571 606 608 622 634 657 661 
100 3 5 15 21 29 111 117 120 130 134 144 154 171 187 189 212 220 241 273 275 280 282 284 292 310 331 335 339 341 355 368 386 401 405 415 433 435 444 450 452 460 478 493 495 515 517 519 524 526 536 558 561 563 567 571 583 589 620 624 628 638 651 659 675 
101 
102 
103 7 11 40 52 64 107 154 156 177 187 193 236 243 245 255 279 282 294 296 325 335 345 364 374 380 386 396 415 423 440 472 483 493 497 540 550 556 567 575 581 587 589 599 612 618 636 663 
104 
105 
106 
107 
108 
109 
110 19 21 46 48 58 60 68 78 83 130 134 177 185 199 216 224 234 243 273 321 337 341 349 351 368 372 392 394 401 413 460 462 472 491 493 509 520 548 575 587 612 614 628 632 641 643 657 671 673 675 
111 5 23 25 46 68 85 99 107 111 115 144 175 195 199 202 206 214 218 220 247 259 294 300 302 304 314 321 329 337 349 355 370 372 380 405 417 429 431 442 470 472 474 499 519 540 556 575 587 599 622 630 632 636 649 675 
112 
113 3 19 27 66 68 76 83 97 101 107 111 117 119 132 144 165 177 187 191 204 212 224 226 230 243 251 261 263 267 271 280 300 312 333 337 355 359 380 392 409 417 421 433 458 468 528 546 554 556 558 565 583 593 595 614 628 653 657 661 
114 
115 
116 
117 
118 
119 
120 15 33 48 64 95 101 113 130 183 195 249 267 273 290 312 337 343 351 372 398 409 415 437 439 442 444 448 466 493 503 534 556 567 569 604 614 626 632 651 663 
121 
122 39 52 78 81 87 95 115 117 128 171 212 214 228 238 247 255 263 267 302 318 339 376 378 386 419 446 456 466 468 470 476 491 499 511 517 520 528 558 599 618 649 651 657 671 673 
123 
124 
125 
126 
127 15 17 31 37 44 52 72 91 103 107 115 117 119 136 158 167 177 181 193 195 199 204 243 251 257 267 282 288 300 302 308 355 357 360 364 368 380 390 417 433 442 444 450 472 499 511 528 542 554 558 561 563 569 577 591 593 597 602 608 641 651 659 665 673 675 
128 
129 25 29 37 60 81 87 91 103 109 117 122 130 132 158 169 195 199 200 206 212 228 245 255 280 292 325 329 333 335 339 355 374 394 413 419 421 433 439 446 454 509 511 536 563 569 597 620 632 645 
130 
131 
132 
133 11 33 39 68 81 83 93 97 115 119 132 136 138 142 165 167 181 220 226 232 273 284 294 318 323 325 329 355 360 415 495 497 501 507 534 597 599 600 610 632 641 651 653 661 667 
134 3 11 21 27 31 33 35 39 44 50 54 60 76 89 113 144 156 165 169 185 204 218 267 284 304 306 310 318 341 349 355 364 366 380 401 435 466 478 483 495 497 517 538 540 550 552 581 614 616 622 675 
135 
136 3 11 17 54 83 113 193 200 212 234 241 245 255 265 306 308 318 339 362 382 421 427 442 495 571 579 593 610 614 622 634 641 643 653 661 679 
137 
138 
139 1 5 33 35 54 60 62 70 83 85 97 105 107 109 142 152 154 167 175 177 185 191 193 195 212 218 230 253 263 271 339 347 360 376 384 392 396 411 425 427 429 437 476 501 511 522 538 550 573 583 587 610 620 626 643 651 657 679 
140 
141 
142 3 5 9 52 56 91 115 120 122 144 165 169 210 216 230 245 279 280 300 316 372 374 388 398 409 448 460 468 470 474 520 524 536 552 554 565 567 571 581 583 626 630 661 675 
143 
144 1 15 17 27 44 60 89 95 130 138 146 152 167 173 195 202 218 220 238 263 271 282 300 306 308 318 327 345 366 394 405 407 411 439 442 466 472 478 481 489 493 505 507 509 585 628 645 647 657 663 665 679 
145 
146 25 29 31 35 42 60 70 74 78 87 101 103 119 120 122 132 144 158 177 191 226 232 253 255 275 290 327 337 341 407 409 419 433 442 460 485 522 532 538 550 561 569 571 573 577 579 587 614 616 618 
147 
148 
149 
150 
151 
152 5 60 64 81 85 109 122 126 128 134 140 148 152 161 179 183 208 220 224 234 238 249 253 257 259 267 279 286 302 323 335 339 353 368 374 401 405 415 442 448 458 468 478 491 495 507 530 532 540 577 585 595 597 599 620 624 626 663 677 
153 
154 
155 25 52 68 74 83 99 119 128 144 154 158 167 181 185 200 226 232 238 245 249 251 257 271 316 331 339 345 347 353 362 376 394 405 450 452 468 474 511 513 532 571 599 632 645 657 675 679 
156 
157 
158 15 29 54 56 58 62 74 78 89 117 126 130 140 173 214 218 241 243 257 263 267 323 329 331 339 341 349 355 359 360 392 398 401 439 456 458 476 487 519 550 552 556 558 589 595 622 636 645 655 657 659 661 667 
159 13 15 54 56 60 64 68 70 83 111 120 122 130 146 152 154 158 161 175 208 220 228 259 302 310 329 345 362 368 370 405 411 427 439 446 468 470 491 495 501 507 528 536 538 542 546 561 581 602 618 638 641 655 667 675 
160 
161 
162 40 54 66 70 72 103 105 146 161 179 204 224 247 251 257 265 279 294 337 353 362 364 380 384 386 401 407 423 425 446 454 474 478 483 493 501 511 515 519 542 554 571 579 583 585 597 599 602 616 618 636 638 671 675 
163 
164 7 11 29 33 52 78 81 140 152 163 179 195 214 218 220 230 247 253 255 259 263 279 308 310 312 343 345 349 388 409 433 458 464 468 470 487 509 513 544 589 616 618 620 622 630 641 667 
165 
166 
167 
168 1 9 15 27 29 46 60 95 97 126 152 154 158 175 195 202 210 218 222 226 230 232 249 255 257 275 282 284 300 304 318 321 325 331 345 357 376 386 425 439 476 493 497 499 501 515 532 546 558 573 587 593 620 665 675 
169 17 27 31 35 42 101 107 109 113 115 117 119 144 177 179 181 189 200 204 228 230 245 275 279 292 302 306 318 323 327 357 364 376 380 384 394 401 411 415 425 431 452 458 478 489 491 497 511 528 579 595 597 612 634 649 
170 37 50 64 70 89 93 95 105 142 154 156 163 181 191 200 206 228 232 236 251 265 271 280 316 327 335 343 351 357 368 376 405 446 452 474 481 501 524 554 563 577 602 608 622 632 638 655 665 
171 9 31 58 62 64 87 105 107 120 126 128 132 150 171 177 183 206 210 218 249 253 267 282 284 292 316 331 343 353 359 372 392 411 435 437 460 468 489 505 520 522 577 581 604 606 612 622 653 671 679 
172 
173 
174 
175 
176 
177 5 17 52 62 76 101 122 144 150 156 169 187 193 200 253 259 267 288 292 310 318 339 370 372 374 384 390 409 419 425 427 429 439 483 491 495 503 538 550 552 569 571 583 599 608 632 653 659 665 679 
178 
179 
180 
181 
182 
183 
184 
185 
186 5 7 25 39 58 64 78 111 113 138 152 163 171 193 195 202 236 238 273 296 310 341 345 362 407 423 437 439 460 472 476 487 489 495 499 503 513 517 522 538 552 556 561 563 567 591 600 
187 
188 
189 
190 25 33 40 72 93 95 111 122 128 152 171 183 197 204 216 218 228 232 251 308 325 327 339 345 368 394 396 401 407 425 429 439 440 450 452 458 474 489 505 515 522 532 563 567 583 599 616 620 653 655 657 661 669 675 
191 
192 11 15 21 27 40 42 50 60 68 72 97 105 124 140 156 187 199 212 236 238 255 269 312 316 321 341 374 384 403 421 439 476 493 526 530 565 577 602 614 626 630 632 669 
193 17 31 54 76 87 113 115 119 124 130 132 171 173 181 199 202 216 224 232 253 280 294 300 306 308 329 333 345 359 362 419 427 433 439 456 466 468 470 476 489 507 520 522 528 550 567 569 573 589 597 628 641 643 649 655 657 659 667 675 679 
194 
195 
196 1 33 74 81 91 105 113 122 142 152 156 183 204 224 253 255 271 288 290 294 302 347 382 403 407 411 439 446 456 470 507 515 526 530 554 558 563 573 595 597 612 618 622 653 655 669 
197 
198 
199 
200 7 19 23 54 64 68 85 101 113 124 128 136 142 150 152 156 189 214 218 228 251 257 259 269 273 275 306 312 327 341 347 357 411 415 419 452 472 483 487 497 503 507 526 540 550 575 589 593 597 612 651 655 665 
201 
202 
203 13 48 50 56 58 62 70 83 85 99 105 115 117 138 150 156 165 175 177 181 187 202 204 230 238 255 271 279 312 316 337 339 364 366 382 388 398 401 409 415 427 437 440 444 452 464 474 478 507 511 536 583 591 608 624 675 
204 
205 
206 
207 15 29 37 62 70 72 74 87 101 117 136 161 173 197 220 232 265 275 277 288 298 308 314 335 345 351 390 405 409 421 425 435 450 454 474 493 509 515 519 538 540 556 585 595 604 612 618 632 653 667 
208 23 31 39 54 89 97 120 128 136 138 167 187 199 200 204 220 222 232 234 236 255 265 271 280 312 339 343 359 372 376 384 390 398 407 429 444 452 460 515 548 552 558 561 595 610 634 647 649 663 665 
209 
210 
211 
212 1 7 15 21 25 31 33 48 58 89 113 117 136 148 163 177 195 197 241 257 267 304 329 331 349 360 368 382 409 415 431 435 440 454 472 483 501 513 519 530 544 556 565 569 573 587 597 612 618 620 624 647 651 661 665 675 677 679 
213 
214 
215 
216 5 7 25 31 39 46 54 70 81 85 89 109 113 128 140 154 173 189 214 216 218 228 232 247 263 298 302 312 318 325 343 345 349 376 398 403 423 431 440 444 456 472 474 478 485 499 505 519 528 530 546 552 587 591 593 600 620 638 643 
217 
218 
219 
220 
221 
222 11 13 15 17 23 29 35 64 103 109 119 122 136 148 165 167 197 208 214 230 245 267 290 294 300 302 314 327 329 353 364 368 382 384 419 421 425 448 493 495 501 520 548 554 561 577 579 595 626 634 638 645 663 665 
223 7 13 19 21 42 50 76 85 97 120 142 167 179 189 191 202 210 228 267 269 273 284 306 310 312 316 331 359 366 368 370 374 403 405 411 421 429 444 446 456 499 522 524 526 528 556 575 577 614 620 630 634 647 649 653 661 663 
224 7 23 29 31 72 109 122 132 134 142 154 165 167 187 193 200 202 218 236 247 257 273 275 280 282 284 318 327 331 345 359 366 382 398 405 415 417 425 466 476 487 491 501 517 530 534 546 558 573 577 579 616 626 641 643 669 673 677 
225 3 7 21 27 50 68 78 97 103 111 122 132 134 136 138 140 167 169 191 199 224 243 251 265 279 286 292 302 304 306 316 323 325 353 364 372 378 380 384 388 398 425 435 444 458 478 485 487 495 530 552 567 577 581 612 632 636 649 653 659 675 
226 11 29 40 44 48 52 58 66 72 81 95 101 109 113 115 122 126 128 156 158 165 171 197 199 220 222 226 228 253 280 306 308 314 318 327 341 355 362 394 415 437 440 448 495 507 509 515 519 520 532 536 540 542 565 571 618 620 626 645 657 663 669 
227 
228 
229 
230 
231 1 5 35 74 76 78 85 89 107 122 132 144 169 200 216 238 241 243 245 247 257 267 271 288 296 306 308 314 318 321 327 339 345 357 366 376 394 421 433 435 439 450 517 530 538 554 587 589 600 620 659 673 
232 
233 
234 
235 
236 
237 
238 
239 3 5 19 40 56 62 93 109 115 128 144 161 193 206 210 236 247 253 263 314 321 337 343 378 390 421 427 448 462 472 476 491 495 524 528 548 585 600 610 614 641 655 669 
240 
241 3 25 40 56 62 78 89 95 113 130 138 140 177 185 200 259 269 316 345 366 368 386 413 415 421 423 450 464 472 476 497 503 511 522 526 528 550 563 581 589 602 620 657 667 679 
242 5 7 11 15 17 27 39 48 78 105 107 111 113 117 122 161 165 175 191 193 204 226 236 286 306 308 314 325 337 357 366 368 386 396 411 427 429 450 462 519 526 542 554 567 577 618 630 647 651 667 
243 
244 
245 
246 7 33 66 72 99 105 134 146 173 187 208 263 275 279 280 284 294 347 380 382 386 411 413 419 427 431 433 440 462 464 472 476 478 483 493 497 507 515 534 552 581 591 604 612 634 641 645 671 
247 
248 21 33 40 64 91 128 134 146 154 167 177 204 208 210 224 228 238 245 269 280 302 308 312 314 323 378 396 403 413 423 450 470 478 517 522 530 544 552 554 556 558 561 567 575 597 626 628 669 
249 
250 
251 
252 
253 1 19 29 37 44 50 83 85 99 136 138 152 183 214 224 228 263 265 271 280 288 294 325 329 343 353 366 398 403 417 419 435 440 485 487 491 497 509 534 544 546 548 558 563 589 591 600 608 614 618 630 647 659 677 
254 
255 
256 
257 
258 19 33 48 50 52 56 66 68 111 142 165 175 195 218 220 222 234 238 263 267 269 271 279 292 296 300 378 398 401 409 417 433 448 452 454 489 544 552 579 599 634 638 663 
259 13 62 64 74 124 140 165 177 185 189 199 216 259 263 269 279 325 335 337 347 360 362 421 433 439 442 462 468 478 487 489 495 509 544 556 577 587 589 597 612 620 624 649 659 675 
260 
261 35 42 48 52 74 76 81 109 130 132 163 265 279 321 335 347 353 357 362 364 378 388 392 394 396 411 423 440 454 468 472 474 476 478 487 491 503 507 522 528 563 579 587 606 616 634 663 669 
262 
263 
264 
265 
266 1 11 17 21 52 58 70 74 87 95 103 111 120 124 136 181 191 218 228 245 249 288 306 321 339 347 359 370 372 394 437 440 458 460 497 501 505 509 511 540 550 587 599 606 620 645 657 
267 
268 
269 
270 21 44 64 68 70 78 81 113 115 126 132 148 177 183 210 214 218 230 257 280 314 327 331 333 351 362 368 374 384 386 388 407 435 437 442 448 452 478 530 536 538 546 558 571 579 581 589 614 618 624 643 661 669 673 
271 
272 
273 
274 
275 
276 
277 5 39 58 85 113 134 146 169 189 202 220 222 247 275 282 298 300 386 417 470 472 483 495 499 503 517 519 526 532 548 552 558 561 563 585 602 614 616 620 638 641 645 647 649 661 
278 
279 
280 
281 3 21 50 64 72 89 91 95 115 122 134 152 177 185 191 193 202 212 216 230 243 247 257 282 286 304 316 347 368 370 374 388 403 411 437 450 454 474 493 499 507 511 528 538 550 565 579 581 591 612 622 634 641 659 
282 11 13 23 27 48 60 107 134 167 171 185 200 214 222 230 241 265 277 300 308 310 312 337 347 353 355 370 427 439 450 495 497 499 511 515 517 540 569 583 587 595 604 634 641 651 655 669 675 
283 1 17 35 48 50 56 58 62 78 81 111 128 146 152 158 171 175 181 183 191 202 210 218 220 232 234 245 269 277 280 310 312 323 335 345 347 355 374 384 415 419 440 444 448 452 464 468 497 503 507 509 520 528 532 546 550 571 575 587 593 595 638 643 669 673 677 
284 17 23 33 40 58 66 70 72 81 93 97 99 101 105 107 117 119 134 187 204 208 218 243 271 282 298 349 353 355 362 366 394 401 403 407 409 427 437 470 505 526 556 561 608 610 616 630 651 677 
285 
286 9 52 95 101 122 150 161 171 173 181 185 228 255 257 282 294 308 331 337 341 355 359 362 366 409 415 427 437 446 450 454 470 487 507 530 534 536 558 561 575 595 616 643 647 
287 
288 9 13 27 31 39 62 85 99 103 105 136 175 195 214 220 226 236 249 263 280 296 298 327 341 353 362 374 382 407 413 435 437 456 476 481 503 558 563 579 604 620 632 645 651 665 671 
289 
290 
291 
292 
293 5 9 31 35 60 62 78 95 122 124 136 140 144 146 150 152 210 232 236 251 255 261 279 314 327 331 335 353 362 366 368 437 452 456 476 491 495 507 513 528 530 536 546 552 554 567 575 591 595 612 616 628 667 675 
294 
295 13 19 29 33 58 60 64 66 78 87 115 144 146 148 169 212 218 222 275 294 306 339 347 388 394 413 419 435 437 458 470 472 481 487 528 536 587 591 602 604 612 636 641 645 657 663 667 671 
296 
297 
298 
299 5 9 21 25 40 42 99 115 144 165 175 187 193 195 202 214 216 226 247 265 269 280 292 298 306 308 321 327 353 409 417 421 448 466 468 513 532 534 548 556 599 600 608 610 612 630 636 655 665 675 
300 
301 
302 
303 
304 
305 
306 
307 
308 
309 
310 17 35 58 66 74 85 87 101 107 120 144 154 156 167 171 195 206 232 273 277 286 290 312 335 359 380 388 403 419 427 437 448 454 474 485 548 552 567 579 585 595 599 661 679 
311 19 29 54 60 64 93 111 119 120 154 171 181 183 218 222 245 257 259 265 288 323 327 355 366 378 382 388 431 446 470 499 513 520 532 534 552 558 581 585 628 632 655 
312 
313 
314 
315 33 44 56 62 70 76 105 113 117 120 130 150 163 183 191 193 197 199 216 259 294 302 333 353 355 362 372 380 384 423 425 431 433 435 442 507 530 534 538 540 542 554 569 577 589 593 599 604 632 634 636 638 645 649 669 671 679 
316 
317 13 17 39 52 58 97 111 122 124 126 134 142 150 152 163 210 212 228 247 271 279 284 290 292 302 314 316 323 327 341 343 347 353 357 360 374 388 390 398 403 409 431 439 444 483 505 513 538 546 571 575 591 610 612 614 620 663 665 671 675 
318 17 40 44 54 60 81 95 105 107 117 140 150 156 179 181 210 214 234 238 241 247 257 263 273 345 351 372 376 380 433 435 437 446 464 503 509 511 561 575 581 593 595 606 622 626 653 659 665 
319 
320 
321 
322 31 35 76 83 85 91 97 101 124 130 134 136 142 165 167 200 206 220 241 243 255 259 269 282 312 316 335 349 360 366 372 376 390 405 448 472 476 517 558 579 585 597 606 616 634 636 663 673 
323 
324 
325 
326 35 44 62 64 68 85 103 115 122 134 136 138 154 158 173 187 204 241 247 261 277 306 308 318 329 333 339 353 357 359 362 366 378 407 411 417 429 454 474 495 511 556 567 575 595 599 614 618 651 653 659 
327 
328 
329 
330 
331 
332 9 17 19 25 40 62 66 70 93 136 152 175 197 199 216 230 234 238 255 316 318 357 382 386 388 390 401 421 448 476 481 485 520 532 536 544 563 567 575 581 585 604 620 626 630 638 643 
333 
334 17 33 52 62 95 105 115 136 140 150 179 185 191 199 200 224 230 238 241 261 275 310 318 323 327 357 360 372 374 401 423 425 466 474 483 491 493 499 526 536 542 554 561 565 571 583 600 622 671 
335 
336 
337 
338 
339 15 23 27 48 83 101 105 140 146 156 167 171 177 185 191 216 226 228 245 271 280 290 292 308 316 323 359 362 368 376 386 388 401 417 419 433 454 456 458 462 476 487 495 499 520 550 573 581 593 630 643 677 679 
340 25 29 33 37 93 97 99 124 138 142 146 152 187 189 218 220 224 234 292 296 298 302 304 310 316 333 359 372 398 407 413 425 429 437 450 458 464 485 487 489 491 501 503 513 520 577 587 608 626 643 647 661 
341 
342 
343 
344 
345 
346 
347 7 17 23 31 44 56 64 68 72 78 93 95 99 130 132 136 140 154 171 206 243 331 333 343 351 382 384 409 425 448 458 464 470 509 530 532 534 554 575 577 583 585 632 643 669 671 
348 
349 
350 
351 
352 9 33 50 66 91 97 103 171 173 185 191 193 220 228 243 257 261 265 279 290 294 310 314 321 355 359 376 378 405 427 440 456 468 470 505 519 534 536 554 573 634 636 649 661 673 677 
353 
354 
355 
356 
357 
358 1 13 15 19 37 50 68 113 126 128 138 150 154 161 208 210 222 230 267 284 296 308 337 364 368 384 386 398 421 472 474 478 491 515 548 552 563 571 575 577 593 600 622 626 632 634 649 659 661 663 679 
359 
360 
361 
362 
363 
364 
365 
366 
367 
368 
369 
370 1 9 19 72 83 126 138 146 185 187 195 214 220 222 236 245 259 263 271 279 282 298 304 323 329 339 347 355 360 368 370 382 394 398 407 411 419 427 470 472 487 507 517 522 524 528 532 534 540 581 587 647 669 679 
371 
372 3 13 19 52 58 66 70 74 95 111 113 117 148 177 179 191 195 206 234 241 245 253 288 290 296 318 360 364 388 394 396 401 407 411 419 448 452 462 483 487 499 505 513 540 565 567 569 630 647 671 
373 7 13 56 66 68 72 74 78 81 85 91 95 105 111 124 138 148 150 181 185 195 202 208 214 251 265 275 284 294 296 302 314 329 347 355 360 362 366 396 407 435 452 460 491 495 497 515 528 550 573 583 620 622 628 647 661 671 
374 
375 11 19 50 62 72 91 134 138 150 154 173 181 183 191 208 226 234 243 249 261 271 275 286 290 298 302 314 316 321 325 337 347 351 355 366 372 401 403 444 472 487 509 515 534 546 554 561 565 567 569 581 585 595 626 628 661 671 677 
376 
377 40 46 50 72 91 124 138 144 150 158 163 187 189 210 222 228 230 275 282 306 308 312 327 345 378 386 390 409 411 421 427 464 470 489 495 503 524 546 579 593 602 610 634 636 638 645 647 663 669 
378 
379 
380 
381 
382 
383 
384 
385 
386 1 3 7 9 27 44 60 64 68 115 122 124 136 138 144 167 175 193 204 226 232 245 267 292 296 314 327 343 347 388 396 401 409 415 429 433 446 450 466 489 499 505 511 575 579 583 593 610 624 647 659 661 667 669 
387 
388 
389 1 3 25 29 46 85 89 99 117 124 136 154 156 169 187 191 200 202 204 220 243 265 275 282 288 308 312 325 351 382 398 401 407 433 444 446 448 450 478 481 493 503 534 542 550 552 569 575 579 583 593 599 606 620 624 630 679 
390 
391 
392 3 5 9 19 29 35 42 56 66 68 70 103 109 117 124 167 173 195 206 218 236 238 241 259 271 288 302 333 343 368 370 382 396 398 431 468 483 495 509 511 520 538 544 569 579 583 589 591 599 634 657 663 669 
393 
394 
395 3 17 46 68 81 107 109 122 148 150 173 175 177 193 195 200 216 265 277 296 302 341 353 355 359 368 401 425 427 464 491 501 503 511 520 522 528 544 552 589 604 610 618 638 
396 
397 
398 
399 5 9 21 33 46 50 93 101 107 134 148 167 173 181 189 197 206 230 236 282 284 286 292 300 327 343 351 357 360 368 380 386 401 411 417 442 446 468 483 485 519 534 542 558 561 569 610 612 620 634 636 649 651 659 667 
400 
401 11 19 29 31 52 56 72 74 76 87 107 113 115 117 130 138 144 148 161 193 195 204 208 216 228 238 247 269 271 292 308 333 339 384 388 398 435 440 444 460 493 501 520 532 567 571 575 579 589 599 600 620 632 643 649 659 663 669 
402 1 5 15 19 33 35 39 42 44 46 81 109 111 117 119 128 142 177 179 181 195 218 228 265 280 282 288 298 306 308 359 370 378 401 413 452 476 487 513 563 573 579 583 599 604 616 622 630 641 657 661 677 679 
403 7 33 52 54 109 132 138 140 163 169 179 185 204 232 238 245 282 298 318 333 335 337 357 380 398 419 427 433 439 454 456 470 489 491 493 499 536 542 550 552 563 569 577 581 591 610 630 632 651 661 
404 
405 
406 
407 21 42 46 70 81 83 89 117 122 136 140 158 167 181 199 200 222 226 243 255 257 261 271 333 335 343 349 360 384 394 401 425 429 442 460 464 483 501 507 513 536 540 544 546 565 569 577 579 620 622 661 667 669 675 
408 
409 
410 
411 
412 1 13 27 29 54 56 68 140 165 179 181 232 245 273 277 296 312 327 349 351 355 370 386 388 460 466 515 538 577 606 612 618 636 638 649 651 
413 
414 
415 
416 
417 
418 
419 
420 3 11 39 40 58 64 70 95 107 120 126 136 154 158 161 173 216 232 245 259 267 277 306 308 314 343 349 374 411 419 448 476 487 499 503 509 520 526 544 552 556 567 577 579 585 600 604 616 653 659 661 669 673 
421 
422 25 27 52 54 78 83 93 105 107 146 148 150 152 156 195 202 210 230 247 257 280 339 360 362 392 415 425 431 462 470 499 509 511 515 524 544 571 579 599 620 630 645 661 677 
423 1 7 13 40 70 76 89 148 152 158 161 179 191 214 230 251 261 263 267 271 275 286 292 300 362 370 384 388 396 431 446 458 466 497 499 507 558 575 589 600 604 606 612 616 618 634 649 671 
424 1 5 46 99 101 107 128 132 165 187 228 236 243 269 316 335 339 347 353 362 398 409 413 415 450 452 468 493 517 519 528 538 563 587 614 628 630 649 677 
425 
426 
427 
428 
429 1 3 13 39 40 46 89 95 97 105 117 119 142 156 163 167 169 195 220 245 263 267 269 286 296 312 323 325 388 394 437 444 460 474 481 501 542 546 548 550 563 567 569 573 591 608 628 634 665 
430 
431 15 25 27 29 33 37 46 76 91 120 134 144 152 177 187 218 236 245 269 290 300 302 308 327 331 339 353 362 368 376 380 390 396 403 415 417 435 444 446 462 472 474 485 497 503 505 528 530 536 542 558 569 579 581 600 651 655 665 
432 
433 
434 15 31 64 72 97 101 111 117 132 136 146 150 185 200 218 312 323 325 335 351 378 380 407 419 429 437 444 462 468 470 483 495 497 503 520 581 595 600 616 628 657 659 661 677 
435 9 17 23 27 52 74 81 89 120 171 177 179 181 183 195 197 206 279 280 321 343 345 353 359 384 396 398 409 411 427 454 466 468 489 501 509 528 544 563 565 567 593 604 612 620 638 647 653 673 677 
436 21 40 50 54 68 70 87 93 103 107 113 122 140 152 156 197 208 226 228 253 259 263 273 286 316 323 337 347 353 359 370 378 401 409 417 435 456 462 487 540 563 587 600 604 624 638 659 667 673 679 
437 
438 
439 
440 
441 7 19 25 29 37 48 83 97 101 105 107 109 122 156 163 167 169 173 175 189 195 228 259 267 290 296 300 302 331 339 353 368 370 382 442 444 448 460 464 468 470 474 493 513 528 530 532 556 585 589 614 624 647 649 665 669 673 
442 
443 
444 
445 
446 
447 
448 
449 
450 
451 
452 9 13 27 31 40 46 52 70 74 117 119 124 126 130 136 152 156 161 169 181 187 200 204 216 232 243 261 288 292 298 316 355 362 376 382 386 388 403 407 425 435 442 444 450 452 495 509 520 528 538 540 567 579 585 606 616 645 655 663 
453 
454 
455 
456 
457 
458 
459 
460 
461 17 21 27 35 44 48 50 56 74 78 109 122 132 138 185 202 210 222 241 263 269 284 296 304 312 321 333 337 357 378 380 390 401 409 423 427 452 466 476 491 493 519 522 526 542 561 587 589 595 608 624 626 638 643 659 663 675 
462 
463 40 42 60 66 70 74 78 81 89 111 130 138 173 181 183 189 193 195 200 224 234 261 265 288 300 302 329 339 347 357 368 370 372 423 427 431 437 439 446 454 456 478 485 497 499 505 507 513 519 544 554 565 579 595 620 622 624 657 665 667 677 
464 
465 
466 
467 
468 
469 46 54 56 72 83 85 93 95 146 152 161 167 169 177 185 187 199 206 208 210 226 238 243 265 279 280 284 288 294 318 323 372 392 401 435 452 456 458 460 462 497 499 501 524 540 546 550 561 565 571 575 591 616 620 647 
470 
471 11 29 37 42 72 83 103 111 117 140 150 173 185 199 206 214 218 220 236 290 298 302 310 331 345 376 378 419 435 439 450 466 485 493 497 505 517 520 524 585 602 675 
472 7 11 23 29 33 35 40 50 58 62 93 134 136 142 144 177 187 199 204 214 228 251 257 265 267 280 286 296 314 329 335 339 341 359 374 423 444 446 481 493 495 497 511 532 542 552 561 577 585 587 610 612 638 641 667 679 
473 
474 
475 
476 11 21 25 27 31 39 46 52 78 93 99 105 109 148 150 161 163 173 177 179 195 210 222 226 238 245 253 255 292 300 327 339 343 360 413 435 444 462 478 485 491 511 522 550 561 591 599 604 606 636 638 641 659 669 679 
477 
478 
479 
480 
481 
482 
483 
484 
485 
486 
487 
488 
489 
490 
491 
492 
493 
494 
495 
496 
497 
498 
499 11 48 81 83 126 140 146 189 210 226 228 253 255 257 261 277 310 312 318 325 337 353 357 359 368 370 378 382 384 388 390 392 394 403 419 440 452 456 489 493 495 520 546 548 552 558 581 587 589 614 636 638 641 675 
500 
501 
502 
503 
504 
505 
506 1 11 33 64 66 91 99 107 132 134 191 210 218 224 241 273 279 288 331 343 364 376 378 409 413 435 444 446 456 501 503 520 530 534 548 573 583 599 608 657 667 679 
507 
508 
509 
510 
511 
512 
513 17 27 31 40 52 74 78 83 132 134 138 150 152 169 183 195 200 220 226 228 247 253 257 259 277 304 306 312 327 339 345 349 392 417 421 433 442 446 448 450 456 493 515 522 550 561 573 579 589 599 618 628 634 675 
514 
515 
516 
517 
518 1 13 21 27 39 68 91 107 120 132 138 142 146 175 183 187 193 216 249 253 261 321 325 329 353 357 366 386 394 409 423 427 444 452 460 466 472 476 489 491 493 505 511 526 528 538 561 567 569 575 577 581 600 620 622 626 628 649 651 677 679 
519 
520 
521 
522 
523 
524 
525 
526 
527 
528 3 5 29 33 35 50 52 64 70 83 91 111 120 132 167 169 177 191 193 204 208 220 232 238 241 259 261 271 279 280 286 288 296 298 306 323 331 333 341 347 351 368 390 401 417 435 444 450 497 507 524 534 538 550 556 567 575 579 581 587 595 597 604 606 624 628 647 657 669 
529 
530 
531 
532 3 5 17 21 23 35 46 52 60 68 78 81 91 113 119 126 144 161 163 165 167 173 181 185 195 214 222 226 259 263 288 333 347 359 370 388 417 419 425 435 439 450 476 513 532 550 552 573 585 600 602 657 669 675 
533 
534 
535 
536 
537 15 23 25 35 39 62 64 76 85 117 142 169 171 189 193 208 218 224 238 243 251 253 259 273 275 294 298 314 318 329 331 335 341 347 359 376 378 380 403 407 409 448 462 466 487 495 503 507 573 591 606 626 641 643 653 659 663 677 
538 11 23 29 35 39 46 52 74 107 119 136 144 146 150 167 171 179 236 253 261 284 306 308 321 323 327 347 349 368 405 413 429 442 460 481 491 493 495 503 548 550 558 583 608 614 647 659 669 671 675 
539 
540 
541 
542 
543 
544 
545 
546 
547 
548 19 31 60 70 76 117 120 126 138 140 150 169 175 183 185 195 197 218 232 234 251 253 263 279 331 337 351 359 376 378 382 386 398 403 442 454 466 474 481 485 517 528 530 536 550 571 579 585 589 597 606 608 612 620 
549 
550 
551 
552 19 31 39 40 44 46 54 60 62 72 83 175 189 191 210 212 230 238 251 257 284 290 302 331 335 343 353 359 390 413 435 444 446 448 452 460 468 474 526 530 542 546 550 575 610 651 
553 5 7 9 15 27 39 83 103 109 126 152 165 167 187 204 206 210 218 247 277 288 304 325 355 384 386 388 413 419 429 444 446 448 458 464 478 507 511 522 530 538 556 558 561 567 587 593 610 634 638 651 661 669 675 
554 
555 
556 
557 
558 
559 3 21 48 74 85 87 89 113 126 134 144 156 165 167 185 202 218 224 230 257 269 300 329 341 349 378 427 439 442 452 454 456 485 509 520 524 530 538 575 577 604 606 620 634 667 671 
560 
561 
562 
563 
564 5 9 15 21 48 58 62 64 68 78 89 107 111 119 132 171 187 191 197 200 220 238 294 298 310 343 368 376 403 429 450 472 474 497 499 511 528 536 538 548 554 579 600 608 616 624 630 663 671 
565 
566 
567 
568 
569 
570 17 64 76 78 107 115 117 122 126 144 202 210 212 222 230 238 249 255 273 288 292 294 325 349 353 366 368 370 382 390 403 419 435 439 462 499 546 599 600 616 620 630 632 638 659 665 675 677 
571 
572 
573 
574 
575 
576 11 17 31 46 78 85 87 105 111 117 134 142 167 169 185 191 199 200 220 222 224 228 238 241 290 294 321 351 364 380 386 392 394 396 398 401 413 437 439 440 456 460 476 489 495 509 532 542 550 561 565 593 600 630 634 636 649 669 673 
577 
578 11 35 48 52 58 72 81 107 109 113 130 158 161 169 183 189 193 202 222 251 257 259 267 286 292 294 321 357 359 362 370 427 454 472 474 524 546 550 556 561 577 581 583 606 618 622 630 632 638 
579 
580 1 5 15 21 23 27 37 50 64 66 119 140 146 156 165 179 187 189 204 206 210 218 222 249 253 275 300 329 331 351 357 368 372 382 401 403 439 440 450 456 481 491 515 546 552 565 567 577 589 595 612 616 622 634 638 643 
581 
582 
583 
584 9 11 19 37 39 48 54 56 58 85 93 99 109 120 130 132 140 171 187 197 202 204 212 224 243 257 263 265 269 271 298 304 310 335 382 388 409 421 435 439 460 481 495 497 501 511 544 548 552 556 565 573 575 616 630 638 649 671 
585 21 25 39 56 60 62 64 70 81 93 101 107 124 136 161 195 197 202 222 253 257 280 308 314 325 359 370 378 384 394 407 409 429 431 433 444 454 460 462 472 483 485 487 509 524 528 532 565 571 581 610 630 659 663 671 677 
586 
587 
588 
589 9 21 29 31 33 37 40 42 62 70 72 74 89 122 152 154 177 202 222 232 255 259 279 284 300 306 321 337 370 384 392 419 429 439 440 446 448 452 456 476 485 489 491 511 520 536 544 565 567 571 593 600 602 616 622 630 634 659 665 677 
590 
591 5 11 21 23 27 31 33 60 85 105 115 130 134 163 179 185 191 200 202 216 220 228 245 249 253 279 300 306 312 321 323 325 327 329 333 349 353 413 417 419 425 466 476 487 497 511 513 536 548 550 554 571 587 589 608 614 632 645 649 651 653 669 671 
592 23 35 37 56 76 122 136 171 208 218 222 224 230 243 249 253 255 259 263 275 277 323 345 364 382 390 401 415 425 439 450 460 497 507 526 534 542 583 595 610 616 651 659 669 
593 1 9 50 76 81 91 101 105 138 165 195 212 236 249 261 265 269 279 318 335 343 345 380 386 388 390 394 405 409 413 417 427 429 442 444 446 450 454 470 478 483 485 493 509 520 536 538 558 563 565 569 591 597 599 600 614 626 653 673 
594 
595 
596 
597 
598 
599 7 9 13 35 42 72 81 105 111 113 134 136 150 152 179 181 210 214 253 257 261 275 290 298 300 308 318 327 335 339 347 351 353 355 392 398 403 411 419 423 437 450 454 460 474 489 542 548 552 579 585 604 608 610 614 624 657 663 
600 
601 
602 
603 
604 
605 
606 
607 
608 
609 5 9 42 54 60 64 70 81 99 119 136 138 142 156 173 191 202 218 220 226 247 253 261 265 284 288 292 302 304 321 325 333 357 359 366 380 382 417 444 446 460 464 474 485 528 579 614 641 645 649 669 
610 
611 
612 
613 
614 
615 
616 
617 
618 
619 
620 
621 
622 
623 
624 
625 7 25 48 66 81 89 105 113 117 119 120 130 132 138 175 197 200 204 212 224 261 279 282 306 308 314 337 347 351 359 360 366 374 394 403 419 421 439 446 456 460 472 485 526 528 536 552 554 567 583 587 593 599 606 626 661 663 671 673 675 679 
626 
627 
628 
629 
630 
631 
632 
633 
634 23 54 68 70 99 107 126 146 214 263 265 269 275 277 282 288 292 308 331 333 349 364 382 417 429 444 452 462 472 491 501 517 526 544 561 565 571 591 595 599 602 604 616 632 653 673 
635 13 40 42 56 68 76 91 101 107 126 134 148 173 177 183 189 195 210 212 224 243 247 273 341 343 362 376 398 407 417 435 442 464 470 472 474 520 530 552 620 673 
636 
637 
638 7 19 21 39 44 52 58 70 76 85 89 91 103 107 115 144 150 183 202 218 230 243 261 275 279 286 300 308 310 318 327 345 349 353 368 409 423 427 439 440 454 483 491 495 558 565 575 577 599 622 626 636 669 673 
639 
640 
641 
642 19 27 37 58 62 70 83 109 124 130 138 150 156 158 169 171 206 224 234 241 280 288 296 300 306 341 355 359 362 376 392 413 423 425 429 439 452 460 464 485 495 501 528 538 577 585 612 618 657 669 677 679 
643 
644 
645 
646 
647 25 39 48 52 58 74 109 120 152 154 156 167 177 189 195 212 216 228 247 263 267 273 312 351 374 380 411 423 429 433 437 442 448 452 468 478 493 517 530 552 556 561 569 577 636 655 665 
648 23 40 68 72 103 132 154 185 189 195 200 202 208 230 234 249 267 273 321 323 335 341 362 366 378 388 417 446 458 468 474 478 507 511 513 522 530 546 585 587 597 612 626 645 647 673 675 
649 5 19 25 37 42 46 87 91 95 119 128 130 146 175 177 183 200 212 236 249 257 263 277 300 308 318 327 333 345 347 353 368 370 392 394 415 419 423 431 440 448 452 454 456 474 487 489 493 499 503 509 511 526 546 554 589 591 597 600 608 632 643 653 659 665 
650 
651 
652 5 21 25 31 33 44 58 101 124 140 146 158 163 169 179 185 200 214 232 253 259 269 284 308 323 325 355 359 370 386 401 409 417 444 448 462 464 466 515 522 524 542 550 552 556 569 575 600 608 614 618 628 645 647 661 669 671 675 
653 
654 
655 
656 
657 
658 
659 
660 
661 
662 7 31 35 37 42 46 50 85 89 99 113 134 146 152 171 189 195 200 273 279 282 302 304 318 321 335 343 386 411 442 456 460 470 478 491 519 546 558 561 563 567 602 616 632 659 
663 
664 7 27 29 40 54 56 76 89 97 99 115 119 124 146 152 156 161 173 202 230 243 247 261 292 300 353 370 380 382 394 398 415 419 435 437 483 489 499 503 505 509 511 519 542 544 569 577 585 599 606 614 628 659 661 671 
665 
666 
667 
668 29 40 50 52 60 91 93 101 107 117 122 142 165 167 187 241 259 273 288 300 318 331 335 341 362 370 378 382 384 398 411 413 435 454 464 468 472 485 519 524 544 571 573 583 599 604 638 653 
669 
670 5 11 21 27 44 48 78 115 142 146 154 177 197 206 218 251 253 265 275 279 304 316 359 392 409 442 468 503 513 526 532 552 558 569 577 591 593 608 612 624 626 653 655 659 679 
671 
672 39 52 54 78 91 95 103 115 117 148 169 175 181 251 271 277 282 296 337 339 366 380 411 442 448 456 487 497 519 532 550 554 575 591 595 626 632 673 675 
673 
674 
675 21 56 111 122 128 140 154 163 200 202 206 226 228 243 247 255 259 263 273 280 288 304 339 360 435 437 460 466 517 519 524 554 556 585 622 630 636 641 647 669 673 679 
676 85 87 95 103 136 146 150 165 175 179 187 189 208 222 265 269 284 292 294 308 310 314 325 329 349 380 394 405 413 423 433 444 454 468 495 503 515 519 520 540 552 561 567 589 602 604 616 653 669 
677 48 56 60 62 64 70 74 85 120 130 144 146 158 161 171 173 187 218 259 269 271 280 286 298 310 341 343 351 353 355 374 376 390 411 413 417 446 460 468 476 485 509 524 530 532 591 597 599 647 653 665 669 673 
678 
679 1 3 5 9 11 40 44 52 54 70 87 93 107 124 148 163 183 185 204 236 249 259 263 277 310 345 355 364 372 376 386 390 396 421 446 458 499 507 520 522 540 554 565 575 577 591 595 600 647 651 657 
680 
681 1 29 64 87 115 122 161 183 193 202 216 228 234 241 247 259 261 277 304 306 333 343 355 366 368 384 388 396 478 497 503 522 524 526 540 542 563 579 606 612 618 622 624 632 643 649 663 
682 
683 
684 
685 
686 
687 27 58 74 81 95 97 99 109 126 130 142 156 163 169 177 202 234 243 253 255 265 273 280 329 335 341 343 345 351 359 360 372 392 394 407 415 423 425 437 450 491 493 503 515 517 519 520 530 561 571 573 581 606 612 620 622 643 657 675 677 
688 
689 
690 17 25 27 42 56 60 78 95 97 124 152 156 179 199 236 277 279 280 286 304 321 327 347 349 353 359 374 433 440 448 452 464 470 476 478 487 497 517 522 524 534 536 544 546 550 563 595 604 606 614 616 628 632 647 661 673 
691 
692 5 39 44 60 89 111 113 119 128 138 175 179 185 191 216 228 230 253 269 277 292 298 304 312 325 347 370 415 427 442 493 505 520 522 526 528 558 579 591 606 614 626 647 665 
693 3 7 15 17 62 78 130 148 187 191 216 220 273 275 298 300 304 312 333 335 341 351 370 374 384 390 396 419 440 470 487 493 509 515 520 524 587 595 616 624 630 647 667 675 
694 15 21 52 58 83 111 115 119 120 124 169 200 202 206 208 214 230 251 273 314 329 364 366 382 392 398 452 454 460 462 468 470 476 478 487 493 503 513 532 544 548 573 585 597 608 645 647 661 675 679 
695 
696 
697 29 35 48 72 113 124 142 146 165 167 181 199 200 210 251 253 255 261 263 271 280 294 337 339 359 368 374 394 415 421 427 474 485 505 524 540 569 575 585 602 618 634 653 665 
698 
