-9.67793
2.30016
-10.6579
-2.00798
12.3729
-45.1388
-17.9707
43.4869
-38.397
33.5824
-43.5756
-27.7915
-14.4678
67.9966
36.784
-4.1898
27.3211
-27.0019
12.8704
-0.572957
-16.9835
3.2394
32.2916
-22.2008
-18.9884
6.56855
-3.68163
-38.8767
16.1139
1.51422
38.9939
3.44528
-6.47471
5.9238
-24.2477
8.89445
7.90907
-45.2443
1.70161
-63.4218
-33.1559
-20.4521
13.5066
27.5403
33.9208
-23.805
-34.4624
-6.18124
85.5954
26.3193
2.54268
6.70168
29.7203
17.1552
6.89099
5.82256
6.46996
-7.52831
-56.7182
-13.0516
36.2428
-21.7958
-14.0168
40.547
3.74399
-0.990087
54.7673
12.3015
32.8263
24.1292
-35.4133
26.9532
-20.3169
41.434
-4.66514
-6.86985
-20.3514
-10.352
-28.6786
19.1068
26.8369
11.3607
-23.655
41.2433
-10.82
23.8165
8.95759
-11.4245
-7.41153
35.5111
-5.99734
-25.4647
-9.13375
6.05347
26.038
-47.8588
-4.28179
39.2652
44.7104
16.9317
16.4528
23.7417
8.39437
-20.0522
57.7017
-20.4478
-12.1377
0.732978
-30.6421
30.5204
20.045
21.3335
-66.8677
-17.3668
48.7918
38.4263
31.9966
0.364879
5.79889
20.8194
-24.1709
17.8507
34.4557
-59.3074
12.9016
61.5117
51.5239
13.3731
-28.6958
-11.452
-5.61137
12.0981
-32.921
40.8606
40.8263
-70.4351
-13.9751
-29.7899
12.9538
92.9765
26.7238
1.44012
-55.5336
14.8936
17.5889
40.0888
5.10956
12.7579
-28.8777
9.52751
-8.51091
-21.8451
-54.1784
-33.609
23.1802
-6.43832
6.06382
18.7072
-57.7535
-32.7647
-17.588
-0.441338
31.7934
-48.378
18.0612
1.97713
-1.36669
-9.04324
18.1662
-22.1975
-43.0072
-4.97085
-16.4984
-14.6843
-27.9546
-16.0019
-25.8693
16.8025
13.1837
-24.995
-0.597793
-31.8951
36.1664
14.7374
-56.9248
57.6879
13.2757
63.4672
63.1317
12.6243
-15.3125
-51.7504
-23.832
30.2901
11.3454
29.0547
-57.4928
45.3668
-12.5411
-50.5523
-39.7557
37.7893
31.6598
-10.963
23.9093
4.64929
5.14195
51.4192
14.3049
19.4667
14.0825
-23.293
30.9805
8.21163
9.31765
28.4689
-11.9955
15.8531
19.053
-14.1238
6.3503
-25.9995
7.90853
-3.30529
-11.297
6.9264
27.5929
-26.3586
17.4149
11.9863
7.8828
7.01199
25.4203
23.9355
-0.9117
-20.7722
-18.3083
-41.4439
66.3202
-20.2537
-17.0604
-32.9295
34.9421
6.70531
-45.5039
-37.4252
-18.9294
46.8657
-4.54092
63.07
32.7022
-11.5223
12.0241
18.8838
11.3674
7.52546
-18.5609
12.0535
11.3428
-21.8464
-4.42207
13.9254
7.35525
-18.565
0.743151
-29.7338
0.634099
11.031
0.214065
22.1082
14.2353
-6.85284
-1.49119
-7.26576
33.3082
-18.6356
7.21097
33.3249
4.67793
31.7124
79.8424
42.583
-38.2579
35.653
20.55
29.4421
-22.8726
5.90594
-22.5319
-7.64447
-0.625364
5.73919
44.8834
-24.1276
-8.26439
-35.1233
63.3139
-10.6505
-23.915
6.76275
3.70122
-0.199595
-26.2152
-40.8183
-25.2951
4.50971
-23.4326
40.0005
-7.99977
33.6161
-30.0913
-6.33846
14.7457
-23.2204
56.0679
-21.5441
9.02879
-42.0701
-13.0872
61.7178
-8.86604
32.6949
-24.2253
37.4049
-26.3324
-45.2129
11.065
-24.3521
-18.5196
-30.1928
-6.66539
52.6008
61.3197
-17.1675
-1.77097
71.0644
0.634999
49.9253
-30.9161
-24.1433
-46.1125
32.1585
9.83478
-73.6497
10.004
27.1674
25.7783
1.17894
-10.2502
30.3921
39.4696
2.65764
-22.3828
-10.5748
18.8927
24.1979
6.51396
39.1392
-40.8929
-1.04015
-22.8068
-15.083
10.0923
-54.5932
-49.5071
34.8615
-26.2449
18.1892
18.1269
11.1038
26.7566
23.5962
59.3527
38.9364
24.3182
-57.6125
34.2406
8.70222
7.30868
22.9144
12.8497
11.9358
-21.832
-24.997
-27.6192
36.032
-27.8696
-17.6169
-3.46345
6.91967
54.9365
28.7615
-14.7966
-20.5746
-13.4712
-38.9258
10.39
-31.191
20.3034
-27.9639
-9.39894
-16.8531
-63.5326
20.3154
-0.92244
-49.6885
-25.0773
42.4849
0.443781
1.38964
-35.7589
73.4228
16.9748
-9.3193
65.5509
-29.8404
8.25428
27.2456
11.971
27.777
10.7086
16.3389
10.2828
-27.2791
-54.0914
6.34271
50.0208
-10.0451
-10.702
-13.9288
29.2914
-23.0434
34.0509
15.7371
-14.8931
32.6283
-32.0261
11.4025
43.3156
2.00296
-11.5812
64.9075
-2.41356
-36.495
-29.8277
-18.8794
-23.1436
14.003
0.776776
-46.387
-55.608
19.4713
-46.6088
31.7136
-3.11594
2.38945
-43.1436
5.17676
66.7596
-12.8823
-30.7563
31.2776
-45.6281
-97.943
-38.609
13.89
-44.5086
-43.3306
-18.8326
-1.84363
64.2708
-1.97698
26.9193
-15.4493
8.90304
14.0166
26.2781
11.7532
17.8619
33.8816
-32.2839
-21.7895
-14.9863
-37.3226
3.09512
-22.3126
-23.7518
-15.0237
-9.01799
-33.1403
10.563
-42.2048
-85.5557
-36.7852
10.9386
-29.4765
56.8524
-65.5626
-27.7713
33.108
4.39676
-68.0267
4.59175
22.9142
25.729
-7.81697
46.968
-37.5475
-7.32108
-12.9915
-5.10652
11.6589
9.1034
-2.5608
-0.911787
20.4147
-26.9638
-30.9115
-34.5426
-11.3896
-18.285
-35.8367
-14.1764
-44.7966
-31.7166
13.2797
61.6764
-28.7743
12.2555
-58.6482
1.5097
8.70162
19.1368
-29.5811
-15.4834
0.931718
-6.68387
13.0595
20.998
-47.2714
-26.1567
9.00297
-28.8687
38.4728
11.5428
3.20931
72.2872
3.26841
-10.4697
-25.1678
-6.46783
44.0589
18.0902
50.4168
8.27692
22.8672
-28.5381
-10.3573
-5.52307
19.4178
-29.2297
28.8416
-27.3953
-28.8674
-55.376
-3.16841
-6.7721
-28.3297
1.52251
-12.5274
1.01305
-37.4581
22.2182
1.60726
-14.5483
-6.30938
-10.7263
-88.4765
3.06325
-12.622
-5.09669
5.91199
0.62082
2.58371
-12.918
-11.0557
-25.2086
-23.6228
-21.1681
1.25484
5.81213
-18.9473
-61.0633
16.7272
-29.7781
-43.8103
-26.7515
-38.2906
-33.1089
3.40604
7.34063
-22.4252
29.9762
16.4168
0.53502
-27.1697
-6.83563
-36.9135
6.423
13.2728
68.9711
11.5833
9.04629
53.473
49.8143
-18.5054
13.367
11.3802
49.5096
4.62102
-26.8703
-13.4491
33.4508
-14.8502
-21.3163
-62.7605
33.577
-26.2641
20.1266
-41.2711
-32.3891
-40.8573
11.7893
-25.4815
-13.6357
-37.739
17.9405
42.6239
-17.7405
-4.61763
-22.8283
-36.3286
18.8781
-34.4324
15.3041
-0.776922
-29.8244
-41.9058
8.69867
-13.2689
34.7124
-24.8133
23.6242
47.0308
0.915391
-13.0666
36.163
-22.4247
33.4879
1.8807
21.0767
-29.5057
13.8993
-14.2915
-9.64556
-32.3219
67.1741
64.8222
-18.3721
19.3262
20.679
28.8231
-17.8498
-60.49
14.6348
-44.9216
-26.0376
-8.71631
1.87083
15.6392
9.01762
-15.4329
8.87136
-9.78791
-10.0594
-8.99195
-44.1556
29.1615
-20.7682
-40.7296
-17.2587
39.4902
65.7334
8.07598
20.3004
-11.1444
-40.6765
-6.60572
-52.6869
56.9103
-52.7405
2.14177
27.8387
-3.61148
-55.2349
-17.9688
-47.8966
16.5041
-5.48236
-71.5085
-52.0357
-18.2484
6.57289
-24.594
20.7141
-24.3172
-64.8112
30.7528
-28.45
60.5862
10.5268
-27.9202
-20.7294
28.5082
-61.6156
13.3471
-4.55527
6.85285
8.57746
-5.97206
9.26923
-47.6612
7.7307
5.83493
-45.6719
83.3115
-0.419036
-2.42913
-21.0123
-66.8986
-48.6474
21.875
52.5267
4.79449
-10.9127
14.8726
-11.7001
-36.9875
-21.1981
-17.9222
-19.7252
-28.758
-19.6668
-7.44449
7.79419
-29.6902
-12.1327
-5.84607
-45.7155
-64.2624
42.2539
77.9927
20.5836
55.7272
-27.8464
28.5949
13.3542
0.180403
-64.536
3.09577
20.6809
-17.5509
-5.38571
-19.7891
6.35042
22.6813
59.0854
17.0948
22.6456
6.45747
8.42051
-26.1811
-16.7533
-46.7832
-43.2331
-7.02492
-27.3938
-8.58158
25.8165
-13.9278
7.93679
-16.3959
-43.0074
-19.4429
-46.9895
0.73143
-26.5282
-12.5828
-21.5545
22.3995
-1.0991
23.7103
-51.4387
-41.9527
-7.03475
36.0558
25.8113
-9.29467
-7.50849
-14.2991
-15.9972
19.1329
2.63309
-29.119
2.61158
4.2773
-48.6427
-15.5816
19.9219
40.2326
8.03092
13.1156
7.72738
-32.0575
20.5151
53.539
1.59602
27.16
-47.6459
21.2397
-24.5113
5.42569
-44.8029
-30.7652
32.7859
-21.8683
-36.418
-33.6554
45.0845
38.6899
-14.6382
-23.0429
16.9444
-11.7091
6.25859
-8.88448
1.14955
14.6112
-59.9438
30.2226
-0.823727
0.650328
-20.4329
-24.9167
-11.2782
47.5814
-9.06573
39.1724
-4.50287
37.0642
-18.521
22.3245
19.887
35.6782
-52.2583
-66.4058
9.59791
14.7434
15.2883
25.771
55.7761
7.8436
-18.1954
-1.21148
-46.137
-31.4193
43.8121
32.4389
57.0244
5.60809
35.562
22.7921
0.0660171
9.43784
12.7496
21.5805
55.5039
18.5047
-62.6976
40.5183
-14.0798
-6.33618
41.6495
11.5192
42.3029
-12.8609
9.00438
-13.1527
-23.5222
-3.99302
-37.1167
84.9218
-21.4227
0.862325
66.4664
25.8733
24.4877
47.1165
-22.309
-19.4436
29.4241
-14.7446
-22.6301
45.9304
3.67857
31.5407
13.9529
-11.9918
4.30247
14.3737
-20.6403
14.5089
26.5635
40.264
-11.068
30.9323
42.4593
14.1599
-38.5526
7.44066
-2.12859
26.3046
34.2289
3.18332
-9.3478
3.60802
13.7216
15.257
-7.02041
-16.0655
45.4962
6.26714
13.6553
-16.138
-14.0743
27.8165
-34.1597
29.2741
45.612
23.8996
40.5817
29.3321
30.1212
-3.81058
-21.7579
24.2872
6.02666
-15.7075
4.63926
-17.9373
13.31
47.833
34.2696
7.7164
-9.09927
14.8062
37.5361
-10.6279
-14.317
19.2826
42.9281
-75.4353
-4.51159
-20.6161
44.2097
7.96971
-4.92714
-0.904373
44.867
14.5315
-75.658
-11.4507
-25.1345
27.8326
-40.6594
2.05356
1.83977
0.358809
-27.4083
40.1237
2.52594
-35.3912
-37.9098
72.2521
45.5323
-38.0158
27.1241
27.2642
-53.2779
-40.6519
-14.3834
-19.1601
19.537
9.73906
11.0824
-3.00748
8.34345
-6.93402
-16.8703
13.285
-14.7581
-27.7234
-30.2862
87.967
-4.59331
16.9459
-0.744298
-4.33725
28.8677
-14.0764
-44.767
29.233
-40.8809
-20.6227
10.6721
-56.6095
26.7971
-27.7376
-39.1627
-13.238
-5.93305
2.59013
18.323
-43.0734
-36.4965
19.0948
54.2784
-7.8778
26.7749
-36.1008
0.533053
-3.87614
35.306
-3.81254
38.9462
-30.0402
-34.9188
-49.83
-40.4173
-40.8655
43.6297
48.1267
-21.2671
10.4077
33.0925
-0.678035
19.1203
-9.72069
8.93976
33.1534
4.94589
49.8103
-26.4033
7.0766
33.8448
-9.78325
11.4784
12.0183
11.3105
27.5824
55.1052
-0.117733
38.9414
12.9331
0.265226
-16.4266
18.5414
27.9784
-3.39677
31.1594
-42.8119
-60.8721
23.1765
-1.78887
10.1838
67.3308
-17.5989
-2.00012
24.5681
-1.30532
-17.4335
-17.1406
18.5258
6.1169
12.5612
47.7458
-15.0657
18.5947
-0.968665
-8.33499
18.5716
-6.01675
24.3121
-1.44556
88.4041
28.177
-49.6495
49.7221
-51.3147
38.1176
-28.8794
2.45109
18.1204
29.3429
25.4756
-38.5591
8.11659
28.4475
-54.2183
12.5637
37.8739
-4.07197
-34.1602
76.3142
33.983
-76.4784
27.602
3.3303
1.34087
13.5331
-39.9953
-18.7385
-62.3026
15.8282
-61.5283
8.99624
-59.6099
15.6313
9.67646
7.36611
21.8923
2.04509
-16.0998
-12.8854
-7.71757
-70.7374
0.780373
93.9744
17.0221
5.51973
9.47002
-15.9538
19.3467
13.9275
19.7055
-32.3674
34.2302
19.4375
10.9877
-42.0554
0.823654
-28.547
36.1587
14.133
25.2427
-2.93424
-16.6058
19.5635
-55.8981
51.387
-23.932
-43.6015
38.4902
-25.178
26.5139
2.76751
16.2263
17.5365
4.249
26.7125
7.40865
1.30827
8.98617
-2.45414
25.1807
-5.10734
-44.5072
-13.6244
-15.4725
-10.3125
70.3017
31.9305
-24.9856
6.04183
-13.5981
11.8666
56.7511
-18.8557
-68.0417
-1.39999
-33.5886
10.2009
-14.7309
-13.4075
-5.76487
-85.5283
-58.2781
16.7909
57.2168
-16.5031
-32.3513
7.41449
-25.4321
-57.5497
-24.2647
0.263557
-36.5699
-18.4644
-16.9964
-1.33768
-23.9742
17.6486
5.29074
-23.5496
7.03698
19.8987
-11.3079
44.4001
-31.89
-21.1669
-42.3532
54.0917
-14.6752
49.1958
-17.0247
-26.9961
-10.9821
-18.5386
-0.595613
-3.7365
40.3179
4.71256
-12.7054
-17.8486
-30.9297
-20.3304
26.5899
-12.206
-19.3855
-15.2204
-32.8645
2.43887
-45.2184
-17.5833
81.5719
-43.0568
-10.616
35.0969
-23.8643
11.1103
-1.45746
30.5247
-29.6888
5.62765
12.3153
25.9901
7.2419
31.0548
-46.7125
22.036
-39.9011
-44.9164
-16.3383
-46.7367
9.43453
-29.0558
20.1519
-3.33173
-23.3115
40.0221
-37.34
-27.3044
-8.63172
-1.63593
31.7669
-21.8263
-13.0229
14.2959
3.94338
-29.628
-4.43436
-8.2291
-25.0403
-59.0334
-11.2266
16.3326
-10.9752
-1.54207
-0.615954
19.3872
2.72213
-27.856
-4.17243
-46.9621
-26.7976
36.1961
-32.1759
-21.6695
20.244
16.4963
-20.2896
37.1255
26.2709
4.12971
57.7642
19.1986
-8.30322
6.85575
-26.3393
-1.32093
6.46717
-19.7505
-30.4236
11.2722
0.344999
-18.3971
-15.2712
-23.9003
-7.7241
26.4537
-59.0351
30.5611
12.3408
-44.3402
50.6421
58.1345
35.4903
8.52481
-23.2929
-64.6596
4.5959
-12.4107
-27.3176
-18.4454
17.3287
7.77603
6.07592
-48.9017
-5.59225
19.1976
-5.51673
-0.886884
31.6416
3.28358
79.8628
87.1928
19.5228
-17.9911
25.1206
55.0866
-11.8225
-8.70835
31.9902
-37.2927
0.484184
-21.232
27.6274
14.164
10.6262
42.6457
-14.5666
36.3657
-39.6166
37.6123
21.4756
29.1659
26.0431
30.2519
-1.71355
-33.2976
-43.3662
16.5608
-1.56267
-10.416
45.4937
19.9122
41.1328
-2.07431
12.865
13.4658
-15.8357
-12.5644
14.2337
4.62787
-35.7141
17.2498
10.237
13.4173
-39.5839
-32.8086
-7.96476
-65.8287
11.3075
-7.82286
-20.3717
50.5782
12.0661
-18.8827
30.1294
-23.5155
24.4743
-12.3391
19.541
-8.22028
19.4352
-43.3476
-61.9996
69.6333
9.8844
-28.1152
-47.3539
-16.8659
32.9916
-22.6206
23.0408
6.32662
-52.6338
68.0198
-36.6734
-94.8417
29.0315
-0.587907
-31.3933
36.8882
-53.2039
25.233
-12.7154
-38.8878
-5.21358
-9.68603
9.64668
8.46098
23.463
-24.9964
-20.1302
-1.14012
-16.9329
-46.1681
24.472
-1.58457
-22.7989
21.9744
11.0458
-21.1779
-36.3857
-44.5008
-6.89846
-12.4741
-54.4194
18.0712
0.356165
54.7315
0.68917
-5.7419
-0.0335501
40.138
27.1759
-16.209
-5.30516
5.02977
12.1802
21.2716
23.851
0.0156434
29.0421
18.9377
18.8999
23.9341
17.9887
-13.2366
-2.09144
-60.5654
0.709656
41.4177
27.7345
-16.6117
12.4533
1.62761
-8.46461
59.3264
46.2544
42.7968
42.1967
-4.32476
-23.4509
-27.1682
47.2161
48.3
-63.9645
10.7992
6.02969
16.1327
-3.19209
-2.17676
-4.98112
-72.5538
1.07599
-11.5623
-25.5964
-32.8449
4.30726
15.5252
34.1263
18.5983
-42.8205
-14.5096
-25.4823
30.6425
-9.18619
76.2784
44.8101
3.41455
-46.1485
19.4255
-45.6525
-38.9343
22.442
11.6125
-4.90249
50.6476
-30.543
31.3421
-5.30504
8.68294
-3.12329
-5.3315
-27.3749
-24.3497
2.3089
-7.804
31.3292
9.25979
10.0721
66.7522
-4.5027
37.1437
-6.61353
-9.97043
20.5307
19.1476
16.8472
12.3762
16.3274
-4.24374
10.2023
-27.9166
11.8431
-16.59
3.10285
11.7474
38.7955
11.673
-1.76472
38.5179
27.698
25.3226
-33.4477
-9.25254
14.7987
8.02418
-42.9496
-22.3936
-42.1385
-15.8899
15.1903
8.67171
-5.10167
8.18304
4.51406
41.9445
-33.5791
-29.7905
-31.5011
-26.7561
-21.2351
8.03953
31.5317
46.9342
-39.6404
-45.4792
-30.372
62.1906
23.5837
-25.645
38.6954
-34.2358
-23.0859
-8.66342
-76.7163
-6.69858
26.0461
11.1879
-6.29902
8.68897
3.2149
11.2507
22.4424
5.6589
-6.70301
-8.96966
79.3787
-13.458
34.1809
5.98584
-6.62445
-39.3717
5.41894
10.8958
22.1447
11.6607
14.5565
-18.3478
-19.0581
-3.0441
18.4515
14.3042
-33.0365
-0.819402
-6.08192
26.6197
52.3773
-58.5455
-13.5103
-4.25478
20.91
11.1379
-54.5905
11.3803
-48.9891
17.0261
-2.13642
24.647
-4.24003
-61.6609
1.08342
43.5727
-5.05434
12.7412
7.37314
3.19084
36.0324
-29.6884
-23.7354
17.4041
-0.353354
-4.54189
-21.7135
1.29056
29.1973
-23.1176
19.0045
-30.6976
-24.1636
-70.3439
-7.3477
48.9719
-42.2987
15.9713
11.6429
-15.76
-35.2976
-77.7577
28.3636
-36.7669
9.65591
15.6896
-16.7952
-32.145
0.724216
-41.8388
39.0632
-57.2488
-17.6026
24.2707
-23.0858
24.7034
6.65954
-22.849
6.12516
18.6595
-32.1584
-64.7274
-33.9325
3.15539
4.75977
67.9024
23.0166
-37.8285
-7.81603
-17.097
-51.109
-56.1602
-40.6594
-39.7172
24.8437
23.5223
6.14187
11.5788
-18.6824
6.75616
19.122
-20.2998
37.7487
48.8355
-58.865
9.18326
25.1868
-25.059
-6.93925
-15.6126
2.65283
34.4077
21.8422
-4.9319
-17.0379
0.49581
29.5892
-0.0678291
-12.0176
-19.4454
-3.74962
-66.834
47.1685
34.2824
21.9431
-27.4221
12.12
-7.93124
-67.9428
32.0033
4.9739
25.2777
3.71276
28.6899
-5.20695
35.368
31.4143
-56.5197
15.3477
41.6836
-28.5468
31.5059
-30.8266
-73.2946
4.77319
9.63186
-20.8323
-2.37029
0.0925039
-1.97062
27.0795
-0.835064
7.67916
1.23417
4.75673
-6.84934
34.8084
7.93046
-11.0286
16.155
6.9457
40.4845
-6.75541
-11.6344
-7.31934
18.2026
-50.0079
22.58
5.62959
-14.1431
-11.6653
42.871
48.1036
-3.40065
-0.0865652
5.01665
-33.3687
-7.30178
-23.4357
-54.8718
5.56736
-10.0213
-11.197
-37.6967
-14.9181
-49.3431
-36.5549
5.27804
-5.48599
-50.848
-50.4565
45.0466
-1.67733
2.58716
-2.98345
26.6021
21.3855
24.28
-7.17212
1.22053
-10.5733
4.65644
-23.4187
-46.6896
17.5133
60.9267
38.036
0.758525
-12.5224
-52.3427
66.8597
-1.97516
3.83043
27.8843
-30.9723
26.5523
35.2774
-7.22184
-8.6913
18.6243
-31.6866
-9.10355
-16.5591
-22.7244
-0.185954
-10.0072
17.5604
26.761
40.3392
-89.8695
18.9784
1.00175
-4.73371
-9.01152
-7.87005
-19.9251
33.3745
31.0121
-11.2244
16.2531
-3.35713
3.61735
18.743
31.5233
8.67848
-27.0195
-19.0379
90.033
36.7972
9.21118
-3.27394
-16.7008
-6.5388
-10.1321
17.4987
-3.35324
-34.8498
21.3619
-13.6177
-33.3329
0.211686
18.6251
41.0946
16.9875
34.1123
-24.7038
-31.6288
14.2858
-3.00339
-5.96218
5.34409
-21.0925
6.45906
-2.38522
30.4809
-49.2167
30.8863
48.528
-12.4099
67.1507
26.3885
52.9133
-10.2118
-29.5322
-14.6331
2.65098
-22.8447
-11.0586
38.2158
-0.499497
-0.319477
26.8692
-43.2893
40.2229
-47.8096
-35.8521
-0.252821
2.99358
-43.6222
-8.85953
4.50518
43.6582
-35.734
39.3943
-28.4644
-9.44657
-4.91042
-10.3552
-58.0207
-86.3041
-26.9034
-12.6262
1.69426
17.5484
12.7029
29.8635
40.477
67.9846
-26.7768
-38.4263
2.40338
-11.0635
-10.2217
4.5824
3.37374
-12.3208
16.2523
-22.2474
22.8422
41.3109
-19.3784
28.0507
-5.95312
14.3259
-54.6075
52.9426
16.015
53.8747
0.142017
-30.5979
29.8478
40.2867
-12.7332
-9.6568
9.41335
30.3881
18.5317
-43.3484
-30.5039
-18.7899
19.5149
-9.95112
7.92814
-27.8894
9.50715
-12.9219
-43.2142
42.1281
1.45896
-44.613
-13.3395
2.97367
2.38874
-22.7893
7.31985
-38.1381
-16.679
16.1433
-35.7226
14.2038
-17.7355
-23.0097
-1.54837
-3.97216
24.001
-0.0257248
12.6235
-32.0859
-29.3834
6.74003
-5.68994
1.16246
-5.53308
-9.46485
8.05358
-16.8149
-32.5519
-22.4576
85.5269
-42.8346
14.1706
37.2551
12.8967
53.6121
15.6167
-80.1065
-70.4074
10.9174
20.6439
6.80787
-14.8612
-33.5349
-18.9942
-33.2161
15.6391
45.4051
20.7996
-8.66576
-5.95142
-13.9399
-4.03613
-21.478
-38.8379
-8.80882
-2.92679
-17.6999
12.0259
-18.8049
27.9709
-14.7338
35.2552
20.7762
16.5223
10.1013
17.2437
9.11987
29.9809
37.8928
67.7383
-18.2141
17.2804
-23.2359
10.1164
-40.3047
17.1785
24.1008
31.1387
-4.88612
-51.9293
11.5712
27.5084
11.9933
-43.0882
-25.0648
-11.793
23.7908
-3.46856
-17.212
-19.9917
26.7124
5.86839
-17.4034
43.7194
-25.9589
47.4924
80.4673
29.2026
8.52965
-0.922722
45.4909
-35.0395
-45.1903
3.92525
26.6724
3.30626
-51.0014
-12.2872
-31.8659
-10.2165
27.8795
-33.0959
7.37072
-29.0136
-23.6095
36.1475
17.8502
23.8765
-36.6084
55.3806
-1.0988
-52.8751
66.4466
53.7136
-7.5067
8.36715
21.5009
-11.0038
-15.4517
-12.6101
-15.785
11.8349
47.3833
26.9705
11.6436
6.95666
2.28905
-13.5061
-24.4649
35.1826
42.6594
-10.7673
8.73432
41.6911
-15.0479
12.4691
7.45217
-8.8659
-15.7807
16.6869
-2.35522
8.3745
22.4831
-36.1373
1.40941
-0.257141
4.61218
4.5302
-12.403
-26.2081
28.4438
23.6778
39.6222
-27.167
-8.91097
26.6692
-3.18717
30.8592
13.1408
-11.4873
-7.2917
-13.0554
-15.0771
25.0969
7.27672
-6.8378
-26.9185
18.5821
-72.4137
-3.50623
42.3408
67.0792
-17.815
-11.4215
40.6841
-22.0378
3.67514
-46.5609
28.1666
5.88468
-15.3726
53.5117
25.295
26.1231
35.8069
8.78096
14.2807
-14.9113
2.04193
-13.2848
11.442
-22.7617
46.1346
39.7722
34.4554
6.55502
-4.51354
32.1144
-58.5707
61.47
-13.6008
-32.3413
41.412
13.511
-18.9798
-1.44625
-42.1682
-22.6706
6.87563
24.5561
-27.2828
19.6736
-26.6763
36.4187
16.9754
21.2404
-11.1805
-58.0999
75.1214
2.64396
18.4006
36.9307
7.68341
-47.7724
-41.9417
-30.6194
-27.5046
17.649
-21.3671
9.24025
36.3351
-24.5344
27.0007
-9.30638
-7.35591
-12.7512
-25.3101
0.544732
-0.938933
-21.1004
-9.35691
38.73
23.311
-22.8792
65.2135
-12.4308
59.0134
11.5608
15.1584
-12.8524
-11.9844
-16.2182
-50.1125
-2.58204
24.9278
-25.9214
3.68779
3.21761
-12.7656
6.9031
13.5908
9.15367
43.0246
-12.3036
8.40525
9.03487
-4.13824
21.5075
-1.20447
12.7392
-75.4013
-2.80593
27.872
-13.9997
22.1312
47.4711
-17.1144
-46.8547
13.5703
19.0812
0.113673
2.80255
-9.71113
-3.08457
3.02076
-40.8043
-6.81718
-55.1875
-26.5357
20.6788
-16.6789
18.8533
-17.9694
59.4574
8.66514
8.8462
-9.93678
-14.5671
40.7728
14.4604
-33.4307
35.4425
-69.6001
58.6393
-3.87791
-9.14423
57.5003
-33.6173
-36.5954
38.0955
-69.5397
-51.9411
29.6116
36.7867
-2.82888
-14.7666
31.06
56.8103
58.7216
25.4235
-25.1918
44.1003
-52.1363
31.6273
-9.80552
-41.18
19.0255
12.727
9.36042
-6.93434
-78.6375
-61.8192
-16.1712
-5.19209
-48.5916
52.8689
19.1961
-1.56866
-24.2874
9.28238
36.0429
-2.73688
16.1271
12.2004
7.31502
-9.02782
-32.1162
-36.3828
6.72935
18.5655
12.0956
17.5854
2.60175
-4.64877
-39.5699
-12.2373
-9.082
-15.1135
-13.6268
61.604
-30.7407
25.3179
12.5287
35.713
44.5678
-49.0656
17.1146
-8.25558
-34.9048
-28.479
54.3416
25.1954
15.4104
-7.09647
-24.8223
55.6232
16.0217
0.540613
-43.3165
-24.9918
-1.01308
49.1618
-11.2244
25.668
-29.1846
0.228679
2.5894
-24.6743
40.5785
-43.6568
18.4848
33.816
-2.68604
-36.7535
44.1944
-15.3291
2.33199
-11.3264
63.9383
-22.2112
33.7959
-52.3015
15.0257
-4.49553
6.36796
-15.4795
53.4949
16.2974
-30.8331
-34.9089
46.3822
55.6026
-9.87811
-49.7318
9.5691
8.79178
-12.3905
6.39348
4.08702
-34.1073
4.96414
6.11953
-34.9103
10.6167
-1.09274
1.87782
-48.2779
-69.9636
-9.79707
-7.306
-22.2389
-4.59746
2.57587
17.5176
-6.3526
-11.1337
-18.1051
-16.8603
-19.1597
-4.49329
5.43946
-59.9368
60.195
46.202
59.5954
-24.6454
42.236
-15.5647
7.12101
11.0806
-64.1147
22.0866
-35.6466
-28.7102
5.09929
9.00783
-23.0116
16.3349
-3.99778
5.93617
22.7404
47.3385
59.625
21.7039
14.7083
-44.9908
27.7635
-38.4195
-11.0079
14.0092
-5.32415
47.7087
25.8896
26.2112
-29.7762
-15.1173
-33.892
-31.7176
71.3426
-59.7807
2.73887
16.4837
-11.1994
-32.1235
26.1831
28.3264
12.0501
-39.0863
3.56282
-2.26151
25.7931
-33.2237
-41.1407
-21.5527
6.69534
6.71321
5.71832
-2.65136
4.91845
-34.094
-26.5994
-4.08079
11.7972
-10.4439
-23.6186
-43.3625
-4.94996
-9.95489
-21.267
-33.5748
0.567631
24.9485
18.3417
-15.8253
63.4453
16.9857
-3.91747
24.8283
-19.8965
-48.5496
-19.483
15.1368
37.5021
21.4434
-15.674
-2.05575
-32.9215
-56.3378
27.1197
-39.8934
2.47884
9.272
31.3859
-22.2835
-28.4103
-10.8333
58.9784
35.7751
1.34102
52.0189
-15.0324
-19.3478
27.3504
23.0749
-24.4411
-51.2814
-38.642
26.1078
-15.4215
-17.9474
-11.8401
-35.262
43.9451
-56.8201
28.7708
-7.83126
-12.1191
29.2066
18.2888
1.95055
-32.8405
14.4888
-17.7424
-4.67891
8.6136
-33.6647
53.529
-12.0895
-14.9893
-30.4247
15.9064
-13.9568
-34.6204
-0.0724968
-24.8954
21.424
34.1098
17.2122
50.8772
32.2638
13.7844
6.05404
-10.6224
27.2785
17.0733
59.4308
45.8441
-22.5972
-53.9226
-6.74986
2.747
16.6907
7.47733
-20.9368
0.185553
49.0923
33.0423
29.4576
46.6153
-55.0531
-0.354519
70.436
42.3177
-1.01628
34.7546
46.803
18.8206
2.22008
13.4023
59.8705
50.9395
20.7198
16.4995
-73.793
37.7412
3.95945
-18.7873
6.17618
49.0874
25.749
-77.7391
-30.4563
-73.9021
-14.7724
0.854467
1.34621
-17.7372
20.6762
22.5789
19.368
-14.6182
4.35065
-30.908
-36.9247
-14.0259
45.9113
-8.09133
-39.5757
38.9376
-15.8621
-39.2554
-26.1478
79.9201
3.92074
-52.9752
40.0512
32.3005
43.5676
5.01627
-12.1486
-6.37477
-37.2368
-24.3781
18.443
60.6678
-20.2224
-27.1758
39.7514
21.1196
-57.5748
-22.4683
10.1649
-6.70627
9.7421
88.6043
7.68165
22.0623
15.8413
40.2805
-1.85573
16.5288
-18.9609
11.1397
20.7113
-72.8106
-28.7427
10.5516
-23.9979
-85.0898
49.9457
29.5127
-12.4802
-26.3814
27.2214
-10.9233
-30.2783
-11.8287
9.46104
16.726
28.0622
-12.8552
35.974
-20.6028
7.38673
-49.9133
8.7555
-22.5204
20.6857
15.9589
-2.54092
-16.9179
-46.0342
4.46548
29.1545
33.2651
-45.9328
-7.07848
-23.46
13.1329
-30.5023
-41.7779
-14.8781
6.64878
-19.5331
-43.7414
-4.87825
44.5636
-9.7333
1.13275
8.93984
-41.8115
23.9213
-9.99627
3.50438
57.2518
3.24131
-2.86227
13.1212
7.13798
-35.3475
-56.0722
21.3016
-1.77381
21.427
51.2879
24.9775
-26.709
13.0818
48.6163
6.28007
11.1742
52.6416
23.0215
4.66006
77.0729
10.4011
-1.70432
19.5171
49.5582
-31.5045
-5.03117
20.7225
-19.998
6.14025
-24.7922
6.03435
-25.476
21.5862
-25.0866
-30.3605
70.3255
-0.447036
-9.30043
47.923
-17.2868
-9.37558
5.38354
-22.7884
-48.7963
-66.5594
9.42891
32.0472
-24.1429
39.1875
-44.9992
8.90373
5.05033
41.4019
19.0492
-7.23202
33.8097
-20.2071
21.6471
5.06413
-23.8192
90.9598
3.58632
41.8711
41.9419
23.343
7.26383
-6.55852
-14.1881
33.6706
1.43819
12.2603
10.0407
-1.79871
0.432351
-19.9221
-0.899136
9.48613
10.8341
0.659095
18.0304
42.7929
16.8556
-14.8202
-12.444
23.5947
50.0166
-59.2613
41.7537
66.9975
55.034
-29.0872
10.8472
9.61095
-42.8128
26.0038
8.8855
-23.0503
-16.3407
-13.6828
-64.78
18.7254
60.4131
-3.66369
3.1493
-38.472
48.4747
11.379
1.86321
-35.9283
-12.5985
25.8277
20.5126
-29.5741
40.5956
-0.5645
19.2232
-4.61419
-24.1575
-14.7689
9.99133
14.9533
-19.7708
-50.2289
-8.4681
-11.8932
7.00348
-6.44068
20.5489
-50.4558
-6.20865
-23.8036
-44.1881
-6.92584
32.6744
41.2893
11.43
11.1823
14.0768
-18.4494
-33.1937
-19.8348
26.7037
2.20242
13.8572
-32.2144
34.6735
32.7585
-20.1724
-5.88617
-41.6701
28.4132
-11.3561
39.045
-56.7207
-25.2082
31.0083
-14.4201
-14.4206
-23.2391
29.2844
-16.27
-5.43261
64.3393
4.83012
-25.4691
-41.1587
16.5802
22.5938
14.2557
2.00839
66.2539
-27.8175
-11.385
29.2613
76.1697
-25.3778
2.76087
-34.493
-31.3044
12.9787
38.378
45.189
16.5706
12.7175
19.4821
-25.8245
-7.85972
8.13554
2.62536
0.564682
-14.1809
-24.3376
-7.16887
-14.5602
10.9722
15.5431
-5.55177
-9.8028
21.8618
3.04986
-17.0909
-11.2837
26.2403
10.5561
2.31443
-7.34784
-42.722
5.86966
-7.64213
-18.1464
13.4852
15.8958
40.1696
0.787669
19.8643
-42.1877
17.7802
-18.166
-17.9677
-2.64326
-5.97513
25.9112
18.4573
-18.349
18.47
42.46
-39.5012
-48.6218
30.6692
14.1977
55.4833
-20.4124
-22.2998
63.1797
-10.231
-21.1024
-3.61497
-61.6708
37.7776
6.19711
-4.86707
-16.9721
0.224292
-44.2034
47.2805
13.654
5.07642
47.9895
40.419
13.8132
-1.61453
37.5364
2.31311
18.9372
-14.33
-11.8812
5.84289
20.5668
-8.7838
-9.65319
38.9097
8.30722
14.9208
34.8886
22.8174
17.044
12.6337
-84.5162
12.7191
22.1415
-1.15679
40.3343
20.0461
16.8452
-10.034
-12.9136
-29.0639
-0.304263
28.6163
-43.5721
74.4195
11.446
5.88887
37.798
-24.0964
-15.6936
13.8715
29.9958
-62.2047
47.8485
-15.3732
17.0574
9.56511
-4.64399
20.7269
14.3943
4.72363
-25.9817
75.2817
-27.4188
30.0559
-12.2757
-17.6342
21.684
53.9926
-29.5466
-50.8875
-2.95413
-11.8641
21.389
-24.1234
-52.5575
-15.3413
14.1464
-30.4112
10.3088
-6.58495
-2.2786
24.1948
-17.9287
40.8099
68.4103
-8.87086
10.7769
-11.7597
-32.3909
18.4036
-42.9683
33.3328
-3.25448
-31.0227
39.2378
26.0052
12.8277
10.7537
10.0505
20.0474
38.7356
5.12355
39.8985
-20.5863
7.06109
73.6315
-27.5434
-62.1153
-19.5441
30.5317
-23.528
20.0614
-27.6912
-2.97641
-0.701331
-8.74244
-33.4454
-3.72759
-47.5838
-27.8525
-46.7379
17.2514
15.7947
29.0762
7.90228
15.3314
6.83464
15.0733
-23.2157
-30.7253
27.0979
4.08808
-22.8676
-44.8801
10.31
53.3676
-27.9392
0.241491
-22.8113
-16.292
-11.9385
-47.9325
-27.2143
6.85678
70.9163
11.3768
-8.50945
61.3113
-12.551
-55.543
-1.1056
-48.7162
72.9799
-22.721
14.9602
-30.7799
23.2164
33.8588
4.60337
-37.5144
-26.4952
8.90791
0.580751
21.5938
-6.88539
-28.8476
-28.0941
15.6799
-8.23728
-15.6542
-2.78561
54.1481
-5.34866
4.39779
-27.4599
-8.64639
0.903169
-46.5128
-16.8684
-34.559
-11.0551
-22.3407
-40.8034
-66.5932
11.2465
-40.7178
35.4886
33.3514
-16.5039
-27.1485
32.9453
-25.0034
16.135
-29.8524
-77.01
8.56266
-18.6553
-39.8091
28.659
1.58977
24.2664
-5.82089
2.61406
9.53666
-10.3346
38.8753
6.91292
-31.6849
19.9924
-9.97823
8.41271
-17.2963
69.5698
-26.376
21.2107
-19.8386
60.1457
-15.4279
-14.3906
2.93305
-28.6074
22.5883
-17.2957
-36.9295
63.8913
11.4103
-18.3804
57.8149
27.7205
-41.1341
11.6557
-53.8233
52.0001
29.6653
-10.5087
29.9299
-28.1656
52.3404
63.953
56.9361
21.521
44.059
-2.78087
-3.66388
0.790424
51.6082
-7.18354
-48.3636
31.7612
-6.73806
45.4764
-7.4671
40.8052
-14.8801
17.1224
-24.6979
17.9968
-19.6293
1.22713
-4.15546
1.88312
31.5891
14.3297
-14.1944
40.7893
46.6796
28.4587
-11.9836
-12.4557
-13.7307
-30.5427
-32.7085
-8.38958
-30.3822
-49.9386
-50.5059
29.367
-7.72233
-34.447
1.90041
15.8179
-21.9225
-34.6059
19.8738
-30.458
55.3514
-34.5798
57.1952
-49.2988
29.0934
-61.7433
50.3495
36.6829
5.91973
-18.1607
-7.35646
-3.30786
-14.8901
4.23152
-26.213
23.0551
12.6792
-10.7436
16.7615
31.1278
-74.7643
15.1917
-7.06137
-14.2382
7.2545
-23.543
-38.3463
-8.02798
-30.7281
27.3841
-17.9278
-10.6069
-37.2791
11.1038
-10.2288
11.7949
51.0272
-45.918
1.20969
0.646143
48.2801
16.5335
23.7656
-46.8868
41.2302
43.0479
-10.2878
-37.1888
-59.9911
4.96864
-9.22928
-42.997
-3.97762
-50.8906
7.13793
13.4782
41.852
11.3907
-29.9044
22.6186
41.9764
-21.3579
-25.2693
22.3396
-9.95959
4.52603
-9.10062
36.8928
-17.7034
4.14087
-31.2546
-40.9965
-9.9739
-36.6471
-5.76089
-35.0883
-31.4669
26.3658
-4.82768
29.2781
26.4697
-0.589656
4.72394
30.4932
27.1801
73.8762
39.6425
58.2898
-18.0315
16.6711
-16.4417
17.2342
40.2017
1.85421
-20.4856
-34.2982
-25.1599
18.8393
-42.1313
17.2685
31.0505
-13.0714
2.16844
23.7192
20.8843
-26.4937
4.60759
19.8404
-10.8315
-14.4271
-22.4939
-15.2618
12.2461
9.73873
-29.9992
19.0165
3.73584
-5.46337
2.29583
5.18065
70.3296
-2.92031
24.7903
24.485
24.1028
-14.3223
-44.8688
5.08898
-44.8266
22.8364
21.3694
25.1005
-0.963485
-18.2372
21.1552
-14.5512
-13.0251
2.44702
-21.3001
18.6829
-24.9302
-0.0541355
7.9592
52.0759
5.99935
-13.2706
43.6563
34.2133
-53.4831
46.0229
39.6758
-14.6907
47.6475
44.1558
16.4214
28.7344
18.0864
5.74215
50.1253
31.1383
33.228
45.7994
7.88326
-13.76
52.2721
-25.1721
-56.8501
25.2482
16.0346
39.6335
65.5545
-29.4292
9.65961
51.3133
5.10187
-34.3626
10.1531
20.9279
2.03169
-8.00342
18.6863
-21.3491
14.7186
37.3091
33.7247
-24.5782
17.9734
28.4749
-0.071144
32.3904
14.3825
14.0573
58.2218
21.6189
6.65281
13.2963
-44.3233
-6.44008
-3.99627
-2.67507
13.1974
16.3998
-1.60561
-0.615649
4.62406
16.9606
-81.6625
10.7323
4.97546
-39.5106
-37.2811
37.5341
-13.5666
5.82443
11.4646
-39.3462
-2.72034
42.0809
-29.227
4.2604
-4.85371
-5.08547
-43.6832
32.7113
-21.2864
-20.3146
-34.6474
19.6581
-43.782
-16.0216
37.9096
-35.0937
15.3441
41.2069
-28.2452
19.5583
15.2068
31.3035
16.8746
-17.3594
-10.5167
5.55944
-5.63548
-26.9985
-8.29994
55.9474
25.9975
-26.2777
-11.6262
24.2453
82.417
-1.89877
-31.2405
22.5473
3.02666
-2.08154
-15.5683
-44.3534
-20.663
32.7971
-17.2975
-34.9013
-11.2897
3.37919
-10.7225
2.27084
-20.2715
17.8497
18.4989
43.2052
52.3388
12.5734
-16.4175
18.2995
-17.6632
-28.5478
12.3337
31.4342
-19.1754
-49.4247
20.9089
-0.58817
24.9219
-23.1349
-17.5983
-11.0417
-0.716053
17.463
31.7536
12.9126
-7.87798
-81.2672
12.5869
-10.6559
27.9128
-10.5335
-44.4596
17.4948
-11.5704
-21.292
-2.1737
-10.8006
-12.8629
9.97163
9.67584
14.035
-10.933
-35.9246
4.70247
-2.9947
-29.8583
31.1181
-13.1768
-30.0468
-0.749046
-1.50634
10.272
36.4095
-57.327
68.8222
-33.83
-32.5534
-16.8605
-17.4733
10.4255
21.7223
-13.5517
40.6128
-10.3411
37.7272
-28.4593
-8.69265
36.0582
-43.3322
-24.0448
7.83187
-0.294029
5.92191
9.7617
23.9689
-8.32769
-8.47419
17.0343
-7.7384
-7.34262
56.4707
7.37249
40.0566
-39.1385
-18.9403
4.27252
-2.24293
-51.447
24.0242
-4.84725
-35.7944
-20.02
-8.19146
-13.8446
-47.7288
-8.73444
50.8714
-28.5772
-30.8081
-31.8761
34.6205
-61.5345
9.58689
31.6421
-24.6823
-13.747
36.0286
-16.6046
16.9839
-27.0591
-32.8615
-28.2888
-14.6621
-24.0902
-12.0969
-18.9565
-11.6637
66.3553
-53.6083
-16.2148
68.6449
-22.9007
0.334429
-36.1294
53.1451
5.79289
-27.0507
6.74074
23.4342
12.0241
0.311801
4.33348
27.7043
15.8951
-40.711
-28.5196
-46.785
-45.7956
-20.7923
-1.97794
-21.2079
7.79465
-21.2603
-14.7486
5.07332
-7.71196
-8.36035
-23.701
-44.8861
42.628
39.4491
-20.8197
32.7711
-10.3154
49.541
-27.6494
-17.4029
-0.986903
-21.3756
-11.3294
-23.8362
-21.892
-36.2536
-10.2715
-13.2595
-29.5682
26.2937
12.4473
37.9259
-63.677
19.4654
-9.62927
110.032
-2.2968
-16.9587
-1.3391
-4.28388
-51.7285
56.2662
-22.8966
6.08504
-22.6539
-22.6493
-8.9502
-18.4173
30.4908
4.6275
-38.5465
-39.0475
-19.9284
15.3664
-6.35145
59.2318
35.5746
-52.3541
6.44109
-51.7502
25.4916
6.78623
33.8033
42.032
-50.7587
-19.5128
-3.02152
-12.6197
-27.392
4.47926
3.33516
-60.6039
-18.9894
-29.6379
9.2228
4.19187
22.5135
-22.6831
-10.5659
17.1463
-8.42646
-30.6257
58.411
-52.7981
21.6695
-65.6869
0.299022
21.9176
18.7453
13.3484
-2.05641
1.39584
-16.8406
17.1005
-17.1217
-82.4744
-6.41121
-1.95267
38.8686
-52.1241
-62.237
-56.441
-7.23456
41.7131
-6.1199
-1.50743
20.2917
35.9209
40.3039
5.77199
-52.8011
17.1492
-2.67168
-42.6843
-46.3937
-24.7367
34.0156
-17.3381
-12.6802
-36.2584
2.26067
-7.418
47.623
7.78233
-23.4057
-20.9074
21.6371
17.2378
11.7397
-15.6349
-6.30627
-9.4557
-24.5123
18.5656
14.9051
31.4601
-29.4949
14.874
42.0144
-16.5976
-2.31004
10.6811
20.1328
2.41634
53.754
-50.2327
-17.8903
3.28619
16.9201
-18.791
-53.995
-38.2547
-59.6119
10.0828
-28.0614
-10.061
17.183
-21.258
-38.8898
-38.3329
-8.1094
-35.3094
32.1255
34.5499
-28.4647
-49.8053
-28.4481
9.02998
1.91415
-18.1196
-26.3259
-1.35555
18.3075
51.1126
5.82531
37.9926
48.6859
-25.8143
4.68824
-5.97934
46.3985
29.159
-2.70267
-28.5488
-1.67528
11.1465
36.9225
-29.7081
-22.6431
9.24689
-11.5147
12.6961
70.2882
16.3655
1.44297
35.3278
-27.0946
-30.189
-20.0611
-53.5677
-12.6712
36.3361
-18.0288
-2.86982
1.47926
51.9582
-12.2686
-29.4368
10.6928
-18.0864
11.7401
19.4632
-21.9202
-41.9807
-4.59386
10.8451
9.28907
0.250432
-50.5681
-68.164
-41.535
-25.2802
-25.2142
47.8068
12.7292
-4.09183
14.0418
54.0393
-9.23501
-25.4819
-62.4492
-10.6678
5.15551
-31.9872
-10.4118
-17.8169
-0.054978
-33.4715
-39.215
28.8626
-10.0042
4.03508
6.74735
44.5085
12.4588
-1.10079
53.3538
-14.4519
-16.7924
32.1302
-26.7612
-17.6834
-61.4089
24.0513
44.4957
-15.7579
26.6775
28.4467
-13.7385
-62.3205
-9.28647
7.47036
1.16174
-21.5828
14.8864
54.6971
29.9548
-34.3671
-30.8553
77.8815
-46.1986
1.46686
16.6588
-0.945834
-11.9754
-15.1654
-22.5878
3.87637
6.83896
40.3614
68.4619
-52.0539
-18.1306
-38.0496
-5.14882
19.0717
14.595
13.9996
10.9338
-12.6344
-20.7133
-51.9128
16.8913
5.57983
21.0582
-51.9465
19.0197
-16.6154
-21.1132
40.6336
-36.7469
-33.0062
34.0227
-8.77048
34.7434
-6.86902
43.3888
-36.1652
41.0728
-25.625
38.0373
31.3997
35.9073
21.0549
3.82423
9.62544
-32.893
-61.3262
7.37204
17.2377
42.2176
-50.6198
-15.8458
-77.914
91.5582
-47.7548
9.37805
-22.7457
44.439
92.8095
-18.4479
12.827
34.2709
-15.3656
-4.80191
24.8441
77.4883
-21.3417
35.2348
-19.2767
41.7436
11.9764
29.9143
1.68799
-7.96016
-61.6654
-35.8051
-31.195
-19.5544
-6.60488
-23.0896
74.5271
19.3351
-6.16081
-43.7905
37.4393
-44.6689
-44.5256
-8.71363
22.0133
1.3492
-34.0037
-25.6627
9.8027
-11.5854
-4.05115
-15.5309
21.8268
2.07247
1.43447
19.1633
-46.2096
-6.01223
-9.16882
-27.0658
-7.27026
-10.9493
7.1573
19.9082
-24.8284
3.52355
43.9551
-9.56077
-15.0419
-38.6991
-25.113
6.12018
-35.431
3.5791
52.2578
-24.7536
15.6804
53.4226
17.8346
31.1117
60.6108
14.3172
-37.6655
11.2954
-22.3462
29.7341
-4.84434
9.96688
-30.6906
-32.2343
-29.7901
-32.5037
-26.1836
-0.533891
-13.7402
26.3884
6.3636
24.7536
10.4346
-56.4179
2.01236
53.5129
42.5142
1.83774
16.6809
-10.5944
60.7189
37.4847
-3.85547
7.54637
42.777
-1.57281
38.9786
-13.6029
29.4474
-13.3764
-0.981454
-0.112291
-32.2703
20.3427
9.14639
5.58127
-31.3708
23.0317
-20.6588
-26.1378
-17.9925
-14.0589
-77.2398
37.702
-23.1627
-37.7339
15.6588
24.9643
-42.1835
-20.5483
-20.0209
5.44891
1.43336
-51.0451
23.0825
14.0526
-35.0238
-32.582
12.3472
39.3563
40.2086
26.0223
2.73177
8.04557
-29.5786
-14.2359
-1.88277
9.11496
4.05851
-13.7439
-9.11949
-25.2389
-80.6535
16.1763
39.0791
33.4797
7.69938
-43.2778
-27.2939
-11.9324
-3.91024
9.51825
-10.7252
-9.08976
-31.3597
54.4937
24.5077
-27.2628
-28.7167
37.3709
21.7964
-13.6095
37.8092
-9.48655
18.0508
-0.540329
66.3903
-30.8492
9.77189
-50.0361
-5.02333
16.5871
-29.9481
-32.2781
-0.0885004
8.21252
-54.7513
-0.0403252
-51.4865
-0.606706
45.3944
-18.7333
26.7257
-9.98825
63.7958
10.3258
-17.6843
-8.87921
-2.42896
-34.0083
13.1545
8.55316
-25.1529
-4.72669
14.5834
-36.8998
-15.8477
76.8016
50.8599
20.5125
-9.05972
18.5749
-20.8234
11.3714
51.6747
16.0063
3.92411
13.7861
-0.325811
28.2682
-18.172
27.6941
40.9339
-16.6891
64.6121
19.7094
-22.4052
-4.43129
-3.95721
-10.6425
5.8426
-3.5215
7.86
8.59616
38.8091
36.8727
-7.22934
9.98235
25.7776
7.45547
2.99925
-38.7593
-20.1305
-0.428151
-9.18933
32.8533
-8.75837
13.4963
12.579
-68.8303
-25.3362
-30.0477
15.1712
-60.3965
-5.72595
4.32685
48.309
43.8932
-18.4106
40.1457
-2.8558
15.8787
-2.10691
7.82846
-46.7058
-18.1976
14.4983
-39.5927
-44.0402
-9.6535
25.1264
-63.376
21.095
6.16181
9.02734
-45.8597
26.8153
20.5532
27.8628
-50.6301
53.3303
-10.4616
9.12037
17.5481
9.84239
-47.4186
-32.0299
-29.8131
-52.9506
31.4047
-5.98421
26.6824
-44.9368
-12.2102
17.614
12.1098
-5.68518
22.2979
18.8525
-43.9772
-7.80785
47.1488
1.72541
56.4878
11.3549
-1.43102
13.067
-13.3812
-65.0637
-37.0742
21.8796
35.981
-1.34707
26.0373
13.0107
56.1305
-46.9812
-33.3334
-2.13368
-15.8978
-25.9835
0.535165
5.97817
-3.42635
-19.1406
9.48387
17.4868
2.41102
-19.4402
-1.39134
-4.11507
-30.3152
-14.9039
28.4037
-2.68278
-21.5659
-69.8451
7.54181
-47.578
5.68317
-16.8393
-7.09911
-17.0677
-1.58356
39.4039
17.5521
26.2624
-10.8159
8.86706
-21.7853
-24.1211
43.9796
-3.74309
22.7898
17.1114
-46.1565
-15.6536
-31.5779
-6.11262
-28.3322
-31.8135
39.5167
31.0554
21.3298
-22.2602
-30.3116
-36.1808
-21.0162
15.4107
16.0456
31.6746
24.9292
9.73839
-14.3826
2.56473
-27.827
-38.6262
-17.5604
6.67858
-14.4801
13.9308
21.2655
16.1261
-43.869
14.2716
-8.93682
33.8862
31.7719
-43.9912
-8.8668
8.3575
-12.8443
22.1811
43.7082
17.6607
-6.51854
-21.5944
-0.101154
53.773
29.1074
8.77208
-30.4439
45.3027
10.9538
-61.0229
23.3896
-9.05318
-10.2966
-9.67316
-16.5933
19.3093
0.467851
-51.5421
39.8395
34.678
-17.5698
-20.6201
22.5416
-7.19107
19.5579
22.456
10.5664
7.72728
1.77986
2.75077
-9.43447
17.0928
-35.4632
19.5666
37.8487
11.9585
-21.3177
33.6725
-41.4339
-13.3893
10.3016
8.13823
-40.4642
-62.3554
-20.4949
-16.9032
-8.42636
-5.00874
7.91535
-71.9492
-27.4171
-12.2563
-69.4126
-40.7254
-12.0344
-17.9772
57.5042
38.7763
2.92765
21.6108
21.3147
-27.8506
15.1787
71.129
-18.5365
-64.106
37.5707
3.58967
8.81769
-25.182
24.7288
-25.0585
24.7627
9.755
4.06498
-20.0284
-36.3912
-8.58283
-30.9166
-20.6782
-12.7234
-0.681714
-11.1005
-35.4012
3.40254
19.1288
3.63018
-16.6852
-0.75057
4.29348
-28.008
-10.7847
-8.71615
22.8098
-43.155
25.813
36.155
-34.0792
-7.7202
8.64614
-15.9206
-40.2399
13.3842
12.574
21.3284
-0.388811
-60.6944
34.5536
-19.202
-24.1888
-76.2093
39.2508
-18.4844
-29.3961
-5.68618
-24.8786
8.47696
-13.2062
18.8203
54.7609
16.972
-72.1259
-35.341
-30.3278
30.4793
-50.0453
12.557
-2.73219
-22.2817
-2.54099
-10.8245
42.3638
-6.36674
32.2187
-9.06242
5.84193
-3.5587
-16.1657
5.73013
9.39324
-24.5083
-12.7276
28.6686
22.8149
49.4411
-8.9926
-27.6776
-50.7366
8.86022
15.3219
25.5589
60.9141
-5.49541
-12.1478
1.93095
56.9612
41.8655
-45.9167
-49.4302
53.4046
-25.1436
20.6233
-18.7861
4.24019
21.0151
18.5618
41.813
-0.26892
-22.7802
25.8015
-35.6057
-63.5529
27.1261
-44.127
2.26614
-30.3502
-5.69839
65.0413
2.08855
11.8815
-45.8846
30.2443
-1.54222
-2.3641
-17.475
-24.7217
24.6474
-0.499401
-49.7175
-2.23266
-8.86994
-19.4903
-0.602197
-35.2493
-18.1011
10.9342
0.40646
-14.7032
-18.1253
-33.4851
-18.9385
-17.4543
-12.6279
-0.70962
5.79629
11.0017
32.4381
-22.1188
49.5686
27.6105
-41.7639
-43.5696
2.44253
-23.4409
-5.87427
-6.15354
-23.2144
24.5666
8.40257
-0.862955
-47.2615
-2.5941
42.0683
-32.4788
-6.40408
17.4152
-18.7009
-19.9273
11.4351
40.3122
-0.249526
28.0672
28.3371
12.3209
39.6767
-11.2542
38.6792
19.1345
-26.847
-2.64001
33.0141
31.2645
3.07193
-2.02688
-74.7303
-2.56086
-1.15868
-58.3708
-22.9944
-8.30919
0.182527
-5.92981
67.6293
56.9462
16.5453
-12.0775
-1.60868
-18.822
-11.0636
23.0215
-8.35121
22.452
43.2284
2.05803
24.4047
11.2358
-35.5329
-49.615
19.2613
7.91528
-0.592919
13.7544
41.4564
-6.02382
46.0305
-10.1355
24.5443
5.33071
42.6921
2.51972
29.4926
49.3012
105.674
-28.9227
7.93944
0.515805
31.8634
-12.2892
-45.7525
52.5535
-10.8141
45.906
30.1833
-50.8749
38.7409
-20.5235
-0.752662
-47.3587
48.0042
-2.11579
10.0691
0.932387
-2.77225
3.72169
43.8506
-15.6586
-32.0654
0.517745
6.65484
-1.9111
-47.3586
-17.7257
-54.6466
-0.202171
-34.2751
17.2351
50.1682
-10.2071
46.2853
-21.9808
-27.2838
-58.1523
21.0685
42.8979
-47.0655
-50.501
48.0486
44.5546
-2.85421
36.9772
-36.6436
11.08
-63.2093
-4.92029
78.6834
-57.9515
54.2747
-25.0866
-39.6216
11.5171
29.8337
0.543356
-27.7827
-40.8237
-14.4889
34.5383
1.14025
-8.1832
3.67001
-16.3814
3.94214
-48.0414
19.2432
21.3839
-38.8462
16.5152
-35.2821
-39.3675
5.94129
-8.7032
21.9821
29.8252
-14.5406
-2.42336
-14.638
4.38801
-30.158
31.0346
2.20162
4.53999
50.4563
-44.836
-26.1428
-1.78255
82.902
-28.6128
-14.4229
34.1242
-40.047
-22.7374
-21.2027
22.8421
17.7992
-15.6922
-3.63107
59.9842
9.45658
-4.2711
-50.3517
16.6058
23.51
-67.9724
-33.869
-57.6222
-34.8402
-24.5782
-36.6236
51.8335
-7.85026
7.11317
-47.5554
-41.6478
-6.83879
-18.9724
12.9206
1.45682
14.9679
34.6748
7.00334
-5.46634
27.09
7.32408
-5.2615
-3.09749
51.5943
0.698907
38.4367
25.5849
-25.6208
-13.2855
30.6449
14.7273
-19.2629
8.68859
23.1156
32.4806
17.2728
26.3721
-23.3392
-20.703
-1.89939
46.7761
-12.6074
-11.1974
19.0708
-0.968935
-26.0863
-43.6215
16.8181
-11.4471
28.6733
-26.2789
-10.9218
-12.1552
15.1308
17.4272
-13.3171
-28.1023
-63.6294
11.5094
35.9537
-13.2601
7.40422
-12.7296
29.0975
20.2936
-22.8404
24.9034
-12.4347
-29.5621
29.0479
-2.43166
-17.8996
17.3563
0.545179
11.9985
46.1274
14.1041
-65.9549
-9.3134
-30.0775
26.8687
14.2925
-15.4722
31.5381
5.38439
54.9447
-12.6802
15.4848
-35.1386
-54.1315
7.17483
77.3669
-41.3467
-54.796
2.5573
-4.06206
-39.0471
71.8189
-22.3485
-21.4751
45.698
41.1221
37.0788
5.84359
8.71189
-30.7913
45.6996
-15.0699
-63.6476
-48.544
70.0524
-19.4038
37.4133
23.0216
-10.5251
22.4056
1.05352
-23.4831
-52.2146
-31.4837
59.2246
26.1793
-14.5644
11.5934
7.09983
28.6855
25.6671
-19.675
19.4
-41.3324
-34.4592
49.7323
20.7933
-21.0569
31.7712
42.1328
42.3882
41.218
15.7524
5.38439
-4.44045
-12.7568
-14.4884
-18.9442
-3.39351
1.1511
25.0028
-9.5599
11.4153
5.24994
32.1265
24.9079
24.916
23.0838
-40.3716
34.6146
-4.83019
-1.25992
-43.2888
-15.2801
-4.33466
21.5791
-27.514
37.7473
26.7099
-1.54219
8.18879
-68.6554
-48.3598
28.3452
-2.74556
-15.6419
19.6534
1.8858
-28.3633
-54.8526
-20.8254
-4.10707
-13.6021
43.4236
24.5186
-18.0167
-9.11079
-50.9812
4.07278
-14.3179
21.2477
22.4152
-65.6108
-41.7545
40.9908
-46.2983
29.6186
-56.0154
7.37792
15.4921
22.348
-23.1041
20.8002
7.49371
9.25295
-10.1287
-30.5932
33.3059
-23.8352
6.73262
-17.0149
-59.8243
-30.3465
-5.54264
-28.3028
25.009
-11.0341
-42.9634
13.0564
13.956
19.3909
24.3769
-62.1461
39.506
-33.3436
32.7841
34.8169
-68.2489
-45.2961
0.321035
40.2664
24.3101
73.631
19.3107
-15.1497
-28.4493
-3.41248
-75.2816
47.6822
16.5777
15.0141
-6.5964
-9.52791
36.619
-18.3083
46.6081
31.8883
-93.3597
18.2774
29.8573
35.1272
-6.87161
4.96977
-52.8126
49.1879
19.8007
-35.162
-41.7212
-29.333
16.5573
20.2014
43.454
-4.59556
66.1499
22.4129
-25.4477
-2.14676
45.5377
1.92775
-22.4824
-2.35483
1.3167
25.3266
-4.24558
26.7401
5.95711
33.8273
53.6337
21.4399
0.666169
-18.0096
-39.7977
-23.7157
0.697
-33.9008
33.5718
62.5095
-30.524
36.609
33.7459
27.5479
-33.7575
-4.57371
-20.5406
-30.5416
2.40148
28.4689
17.9272
11.3602
29.0618
-33.6784
9.12776
25.3146
32.1775
-27.8729
-13.4988
-61.5947
-31.3194
-9.38653
23.3587
17.1269
-0.179242
20.5068
12.6688
-20.4128
16.999
-26.4801
-11.2755
-3.30944
20.347
-2.38258
-77.5068
14.0394
-26.1887
-16.9224
-33.7837
-18.5488
-30.5916
-16.7449
-2.13895
-30.6264
17.9076
-6.48204
23.8689
1.19973
0.505968
14.6915
-6.30118
-12.4962
-3.00868
22.7402
18.6702
11.0501
-11.6793
17.1719
6.44394
19.3771
-28.9486
71.1111
-8.77232
-67.0577
-26.9151
-30.5172
-27.3866
14.8397
8.24513
85.4862
-21.1604
-8.75329
-8.51778
52.3256
-25.2128
-60.511
-20.0971
11.427
12.5624
33.9779
22.1263
-27.5326
-31.7816
-10.4222
37.1958
-7.54788
5.77846
1.48511
-29.4796
48.8594
-9.33273
-1.25279
-1.77812
6.80451
9.32409
-58.2345
26.0725
31.7802
43.3678
15.4903
-17.1263
-11.8442
4.7616
11.7246
33.2608
-9.78712
-22.6864
-12.7585
-18.0005
15.6661
-31.4186
48.5429
-40.8103
2.34958
-46.5768
-47.4642
37.0721
12.957
-49.9255
-21.2051
-39.2768
48.2372
-28.6504
2.54761
-39.9725
20.9454
49.3038
12.2409
-42.595
-18.0797
-28.2181
-39.556
45.0242
-9.20993
11.2121
-44.2444
1.73448
21.5768
-51.6358
31.6896
33.6727
-41.2057
-15.0261
-14.3929
-27.4516
-33.7021
2.144
-31.6933
-36.3127
23.3126
15.4288
-14.5427
-61.3835
-23.3892
-2.27492
-25.5121
22.9805
26.2832
-14.5697
-33.4374
33.0448
24.103
7.42908
18.8784
24.8123
-35.3455
45.3862
-35.9526
-11.5616
-49.4413
19.3951
36.7717
-19.2198
-3.96485
-14.2784
-20.5748
-19.8856
-11.6998
26.4735
20.0494
25.8668
10.636
-9.80448
18.8521
22.0943
-7.02671
-34.5271
-5.95256
-5.42102
12.234
-37.5101
-34.4271
-46.5946
25.5082
-35.6382
-37.4076
13.0278
28.2212
-3.34658
-25.5078
25.9551
-4.71882
26.4327
-7.44659
-69.1722
-0.676669
-15.6548
40.2669
-53.6029
20.0975
52.0777
5.0567
46.4613
4.98544
13.6182
4.44345
16.5476
-22.8996
-3.46359
10.1257
-13.3942
47.8094
45.946
40.7939
20.5108
-28.3477
40.8391
-29.7644
-26.6895
-40.4164
37.2598
2.6983
46.5012
-23.1978
-0.0431467
-22.2821
-27.7241
25.2169
17.4066
-22.4532
19.3927
-4.85155
4.45264
-7.34089
6.62318
29.1907
41.8518
29.9972
-8.1312
-4.37195
-32.2464
-70.4618
49.3876
20.4404
-12.2261
11.8748
9.76302
-9.99568
22.7212
28.739
28.1384
53.4838
-26.4235
3.00958
-40.0074
-24.1098
-53.0037
-16.1272
-35.7667
-29.6015
-34.1641
-27.2588
39.3807
67.5986
-1.43942
-0.0709178
-7.43353
-0.628056
-62.7007
-25.8555
-42.6521
-51.6232
17.8938
7.02676
45.4632
7.14277
25.2905
18.8669
10.6842
-24.1192
-37.8144
66.9595
65.0293
42.7907
35.7553
-44.0775
-44.6273
-6.54273
22.297
29.3519
3.76158
-21.2702
28.53
23.1728
-21.2306
11.1685
-13.4817
-15.0859
3.46234
11.9707
48.9539
-47.7166
-6.26694
55.7373
22.8351
23.9557
6.74132
2.85882
4.58917
-31.4466
-48.6922
-16.3093
-13.8786
-59.9392
-5.68325
-15.6415
8.54467
38.0175
22.0183
36.0957
-90.7478
-3.77394
-0.178706
-15.7727
7.01489
-14.0043
-23.6983
32.4464
-28.7965
-29.2556
19.6691
-22.6368
-31.0227
37.4972
32.2716
35.8285
-10.7885
-1.24585
-0.712855
48.731
14.0178
-1.28572
-47.2994
2.51709
-68.4445
40.681
21.0395
32.7386
-1.88144
-48.7768
29.7815
31.867
52.2782
1.37021
-17.0743
0.87793
6.9799
44.6308
30.1378
33.3054
-55.0643
-4.5157
48.6505
-1.32341
-15.6294
-17.0552
-55.4679
9.28376
-26.4702
-21.1602
37.9613
-2.47141
-5.48072
-13.5493
-1.94424
-19.8804
-7.10975
-1.13829
-30.6022
6.41504
-41.5331
-2.49455
4.88759
39.265
-1.53933
-7.47167
53.4668
4.28764
13.9189
26.5315
13.4536
-53.935
23.0367
-7.44651
29.9145
83.6895
-11.9844
28.0237
23.3982
33.4157
48.242
-4.64272
43.4366
24.941
-2.04766
6.84419
6.97615
21.5895
29.5933
0.0119688
6.40408
31.6256
5.6986
47.9026
8.51988
27.5078
37.4494
-62.6504
-28.3526
-5.0923
21.0294
-7.71309
22.7148
-25.093
-4.59617
-28.1623
12.326
-10.5583
-36.6246
-27.2382
6.28145
1.82446
-41.9166
0.806249
-42.1614
24.0664
30.6802
30.7185
-14.9434
4.02291
11.1868
24.5882
-15.1543
20.3801
-2.87539
2.05292
30.3643
-5.78964
46.0388
3.11794
56.0822
6.22655
34.9804
-6.62001
-7.81174
25.6656
3.70436
5.47819
-20.3286
74.2211
-19.9768
-37.2084
54.2986
-0.559583
-25.6943
-69.1066
60.4948
22.3893
-86.5812
37.9076
-4.853
14.3025
0.557047
-12.8375
-5.82907
4.95964
6.43366
10.7139
12.9856
19.2426
8.63735
43.5183
10.6131
7.28557
-16.3208
25.8343
16.7554
28.6759
12.4001
18.7466
-8.13236
-15.5965
45.4387
-20.7665
17.6672
7.42027
8.0773
43.2187
26.7598
-18.954
12.6636
50.3624
-43.7113
4.20121
-18.7906
-22.3038
25.9931
47.3686
-59.364
-17.2602
-2.8175
-7.08865
-19.6042
9.25236
-56.8098
17.0724
-45.7011
-32.4658
16.9445
-6.80855
3.22896
-22.1417
31.2903
41.2548
-14.0789
-17.9599
35.4419
-7.27178
-7.22815
-0.576596
7.08985
-74.2529
-34.9512
0.340064
-27.6987
3.9397
9.67777
35.1467
-40.7363
23.6503
-40.1054
17.9726
2.40749
-33.6731
6.05784
24.6469
-36.7436
40.093
-38.3721
-14.492
-24.7065
-14.0967
4.70268
-30.8733
-40.2841
8.82379
0.153099
11.6363
-42.5312
13.117
0.403902
36.2133
-15.0139
-23.9005
-33.8771
-18.6332
8.35242
-8.73196
-3.24611
-40.4391
87.3529
-22.9482
6.72191
14.7182
-8.81375
-11.2043
-45.5425
-21.266
2.52575
-35.4068
9.61487
-45.3184
-39.4625
7.70336
24.2857
-17.6859
-1.85054
-0.396285
-41.0828
5.86952
-1.68836
-4.20011
-29.346
-53.0064
-37.9559
-42.8267
-1.26071
34.6421
20.6126
11.2661
-20.1298
18.8991
-59.1892
44.4374
-1.20231
18.2232
-26.7193
4.20179
-11.0695
-10.5357
20.6243
-7.66827
6.35135
-6.33555
1.54006
-34.3671
-3.63237
8.63841
30.6862
34.2008
8.14137
-17.5607
2.38261
10.7265
57.1661
41.2902
5.70644
39.9665
-24.5026
49.6465
55.772
52.7979
-34.7195
21.718
-25.3054
-33.5627
-15.1417
-31.1805
9.79785
-29.1934
24.5714
7.8471
7.41013
-33.2503
-38.2442
6.43385
17.0732
15.2451
43.882
35.3349
27.743
-20.6833
29.3038
-26.7523
-51.4953
-8.87985
-30.8136
57.9279
0.218159
-5.62646
-23.8258
-5.28622
-6.70226
-40.7321
-3.18348
-2.8164
-13.3492
14.583
-35.4773
-18.6457
6.37704
-31.8525
-31.64
35.875
8.05853
-24.4226
2.76795
0.296311
30.0467
23.4529
7.48405
-5.84769
45.3825
-5.76626
28.5985
30.0161
28.266
-15.5435
-0.130579
12.0527
75.5496
20.2468
-34.3633
35.4467
-28.9444
-25.8637
-53.4719
-23.6905
20.2464
-4.74034
26.4147
-16.1252
59.3459
-24.9693
54.2371
-7.47139
-22.3123
-16.16
-12.4789
-37.3504
-40.1943
-27.7606
1.08293
52.8668
-10.5365
-12.8507
-9.60722
1.503
-32.6229
64.8389
-48.9361
17.6314
8.72316
-19.4664
13.9842
32.7669
-51.4248
10.7685
-32.4431
71.6033
-22.7804
-35.2324
47.3406
59.0096
-23.9169
40.4706
-21.5865
-14.126
46.7392
-2.19466
4.03754
36.1764
19.9177
-45.6131
-14.0129
-13.0799
28.7755
10.0912
3.26331
4.1207
-23.063
-22.7167
-6.20028
-37.3481
1.73441
7.67166
-6.97723
-47.9299
20.428
0.934014
-32.9905
66.6172
-1.23906
9.25014
22.5541
35.3768
-2.63551
0.314071
-14.9097
11.9407
0.384536
16.0655
-2.17015
20.2603
0.342851
7.30723
-23.6336
-24.8747
28.7585
41.9442
-13.052
15.3294
5.4473
-13.1755
-40.5951
76.9663
-31.0702
6.57316
-5.85406
50.2633
25.7765
4.39042
2.24626
9.0024
40.2377
-15.2202
49.9658
55.6281
27.6083
-12.092
25.3088
7.169
-43.9961
40.8886
-26.1045
50.3265
55.4444
40.7809
31.2296
31.0823
47.5941
63.6557
-41.008
11.0514
-31.5778
-28.2002
-52.814
-36.6735
-30.9103
1.44961
-21.8252
-27.9277
80.3816
-6.9131
64.3877
-20.8047
-13.896
56.0092
-57.1284
5.80228
8.68018
11.8495
21.2607
-16.5572
60.3218
1.00282
6.86515
-25.133
-14.878
49.6567
-10.5119
-2.78014
19.0715
-41.7108
20.9261
16.4657
26.293
21.6853
-70.5777
8.28402
-17.9415
28.797
30.8352
-10.0064
28.8613
-21.845
-5.56917
-45.3071
52.763
11.4422
15.1368
22.5676
-19.1298
22.3028
-21.2381
-1.75962
7.78711
-2.04212
-33.3673
-5.34446
-6.79256
-44.3585
26.2744
-53.299
-14.7852
-46.9663
-10.1884
3.81037
33.0451
24.1966
-0.672423
4.67253
0.644625
-6.70141
-34.4226
25.9015
-55.4024
9.79638
6.13086
56.1365
33.7791
13.1257
-35.8513
-11.7539
-6.43113
26.3879
8.19281
39.8328
46.5837
20.5849
-19.7557
12.5895
5.88916
-26.342
-2.73958
-33.3502
-24.0796
-36.8375
-19.3745
24.6431
7.54623
20.6115
0.836156
14.0763
5.49473
-28.4445
48.7451
46.0344
-36.3662
8.51446
27.0216
-12.7065
10.7922
19.2663
-6.15664
27.9841
-25.9008
-76.6712
1.96294
4.27003
20.4393
-2.75627
22.6259
33.9192
-26.7573
-32.8678
-26.5599
54.9264
-9.89294
-25.1232
-22.3053
42.2409
-6.82146
-20.2621
29.5931
-19.9728
25.4892
-35.443
39.0603
-5.3644
-18.3841
52.7306
-30.3347
-18.5151
-43.7974
-68.0694
13.7346
1.92099
-37.3509
37.8233
-3.84008
-17.7155
-23.775
-40.6839
58.193
21.616
9.37446
17.3412
-63.0673
24.4331
24.3432
-39.3462
-6.68317
16.653
-23.0671
-25.8493
33.8129
38.3819
-2.95841
5.9693
46.2478
-17.1599
27.2899
1.72748
41.9127
5.12417
47.5528
20.1542
22.5111
55.7685
55.5744
-11.1802
7.83564
15.4499
-20.8881
-9.78659
16.8809
10.8286
19.3577
12.633
-14.7441
-47.4356
-35.5408
14.7953
-45.156
36.0263
71.5769
15.8035
-27.7392
-30.9909
-59.4654
-6.3434
14.972
23.0381
-12.7701
22.5606
21.3824
-54.1503
18.0035
34.2539
-51.7128
-15.7761
-1.94856
-36.5775
-5.98702
-28.4006
-0.687572
-16.9591
95.5001
9.41645
13.8377
38.2889
-7.22804
-31.2322
-28.98
17.1826
-48.473
-15.6665
-19.4843
-37.038
-67.55
3.25897
-13.3398
32.0736
-8.81601
59.0576
-37.4844
6.85621
-30.0357
38.5191
-48.2635
24.3907
-0.020972
30.5349
12.4578
27.6441
21.4294
-26.2995
40.8563
0.721604
66.8405
7.75112
-24.1488
33.4644
-47.2083
-12.6373
-33.0448
-3.99528
20.7166
-66.3414
-6.53121
-53.1197
-40.9264
-25.2757
-27.1161
-23.9351
-12.8231
21.1185
-2.36275
32.8851
18.1046
-2.51438
-24.5351
-43.0072
-28.3564
9.34503
42.533
-21.0433
32.778
-18.4222
-5.46159
-29.1999
-18.2222
44.0947
80.7937
14.3738
12.6884
21.4165
-28.9642
34.8346
23.4031
-1.19942
31.1342
14.8838
-14.3433
92.5279
-65.5366
-31.3134
-11.4449
-24.4676
13.3179
5.75703
-14.1547
4.0379
43.0868
23.0053
-23.8925
-1.84246
-6.03774
-40.4287
-16.765
37.4452
55.6291
40.5005
29.2479
-6.81185
14.3461
18.2976
-39.4437
42.1789
31.9243
-46.2023
11.3297
-55.2883
-23.0643
-31.6778
-7.70387
-51.0159
-2.24999
10.3624
-28.7438
-9.67776
4.71054
38.3812
12.2984
-24.392
-51.1611
-3.97291
63.6699
24.4659
-9.14116
18.4594
17.3873
16.6186
41.3022
51.0864
-12.9015
-28.0899
24.3145
-27.5301
25.4154
10.5024
18.2884
-18.0639
6.68636
-29.1141
15.7223
10.3346
32.2146
-24.9366
-14.7384
74.7964
29.1674
2.68685
-11.6304
-5.31224
47.001
34.5002
-19.5292
39.0601
-37.9851
14.4095
-5.41635
26.905
-8.7092
-53.2596
-22.0662
16.3606
9.15885
21.5548
53.124
-39.1065
-33.5709
25.002
38.292
4.57306
-71.4066
-22.8733
35.3375
4.81243
-12.155
-25.5383
27.0396
12.3175
14.7192
-24.0087
10.0204
6.83796
-13.8575
1.92253
24.0905
31.9197
6.02043
-50.7786
-52.8892
-30.0172
-59.5287
-4.52396
-2.3112
43.2609
16.4485
-21.9158
36.4877
-3.17589
18.2848
-42.4842
11.7363
32.1529
8.66352
-29.2302
33.1559
-10.1303
7.71615
16.4587
-6.54063
45.4717
-17.9574
50.5845
-44.6879
13.0228
9.17044
31.6214
21.7946
-0.710576
-7.28504
-33.6794
11.9275
-28.5827
3.81034
-19.2942
35.271
37.897
-39.8712
-8.13591
-5.95628
52.7875
-39.4789
19.2997
-15.658
19.7778
-7.58136
-3.82526
8.55583
-10.2604
-37.1091
12.0222
18.7862
-6.10602
39.8581
-0.841762
18.6344
-0.426232
28.7773
23.2018
-1.53046
-39.4412
-17.4446
26.678
6.87142
51.6277
-11.2672
1.32181
-38.4346
23.5809
-34.7087
1.77698
14.3321
24.3289
-50.0239
-32.7403
-52.3765
37.6759
-20.735
-41.4138
4.58232
-34.8461
-38.8076
1.27211
-27.0888
28.1232
10.5526
-10.9025
-7.39096
72.9104
6.50427
8.62258
-31.3388
32.8203
-16.5992
-3.36119
-33.241
0.691554
71.6487
20.5344
8.13293
-3.73366
-35.5119
0.281353
-61.375
14.9916
2.48662
7.5189
-9.77583
21.4971
26.0786
-1.35408
-7.65207
51.0572
12.8933
-28.1662
10.8026
-14.6699
46.7625
-56.9249
-26.2798
18.7743
1.11015
-53.3256
-29.3318
-17.6436
12.1911
20.1271
-16.1962
-31.0745
32.336
23.3146
52.4493
0.704875
0.7419
-41.8775
33.3398
41.5748
-64.2263
1.52858
12.2235
40.9946
-76.2029
-34.6225
-15.0335
34.4935
0.478483
-7.78054
-20.4031
-54.6488
5.11166
11.5183
-52.6825
-27.0188
-18.2984
-10.3381
-9.69813
-19.7003
19.936
22.4059
-31.8167
-41.9244
37.2289
-31.5281
-5.453
-8.14776
-33.2695
7.22333
12.0298
61.9228
65.4999
3.82279
-9.54514
31.5898
14.4147
24.59
-24.0564
9.6079
-30.4992
-8.54041
-35.4258
19.6124
-8.65565
32.6834
-4.20862
42.2431
23.0428
-5.03712
35.7683
-7.51796
-30.3216
56.5301
7.28806
4.80987
-14.4408
-53.4859
-19.0857
9.42729
-32.6901
11.2809
42.6242
-20.4965
36.5562
-21.2009
9.89999
10.785
-49.6586
34.7984
-22.0995
51.001
14.0162
20.4122
-42.4465
-32.4456
5.96476
24.4086
-5.30726
-34.3755
-62.4337
59.7893
-12.1374
-8.98603
-50.8441
9.24863
2.41731
-66.944
-13.8275
19.0286
13.8582
-68.3251
-45.6343
-20.3282
-15.3151
-20.2856
41.7662
2.52334
33.5364
-0.49608
30.277
5.43594
-34.4911
7.50639
19.338
1.21956
-4.76628
20.6248
-47.1756
-45.0447
44.2687
-44.7621
17.4698
-35.421
-16.5187
81.4112
42.9698
-25.3851
-30.26
12.9175
51.4673
15.3783
12.02
20.2227
52.0881
20.2768
-25.3858
30.4884
-30.0897
-52.6048
-18.8603
-43.5625
-7.75139
1.28629
-14.7307
-0.211702
-28.5477
-5.91291
9.25552
40.2059
21.6535
52.6819
15.4139
-35.8303
68.5378
24.7337
8.59917
-9.77043
19.7112
46.9983
-46.0793
-18.0707
63.4841
-41.4978
-45.899
9.20232
-49.364
-22.1983
1.54146
-55.4172
-4.86754
-62.9456
16.276
28.0736
30.1721
-2.07603
11.5064
-29.961
17.3675
39.9663
39.3249
15.5697
17.9523
17.9574
36.2331
29.3131
-36.8774
34.0803
39.7121
-7.7456
-86.6649
-6.1466
8.80326
6.26349
12.4898
-19.8467
1.52937
17.2967
7.83802
-8.92262
-63.313
8.97785
-47.4778
-10.4493
21.072
31.8783
35.2262
-18.1206
39.3206
46.5578
-9.99937
-17.5843
9.72951
18.6339
-6.93318
-53.0429
-22.2878
24.4299
26.5704
-17.608
-7.08632
2.56812
40.1953
-7.69876
7.46508
83.0943
-9.61444
11.5305
-9.75213
-56.9419
-15.4298
-14.3753
-24.6461
26.3022
14.7477
-2.33672
-16.5589
34.9814
20.0366
20.5694
-4.95517
25.5297
-15.2844
-16.3351
-0.99659
-14.086
-29.558
-6.07449
48.8763
-17.0249
-0.93998
5.8886
26.446
-12.0007
-0.550418
17.2701
-36.6744
19.6582
-46.0824
-42.6999
14.2345
12.9735
-23.7827
-9.17749
50.5338
-3.74159
-42.5104
21.3043
-12.0115
21.5397
-27.9406
37.9607
-22.1255
14.5666
-9.39773
-19.3381
8.64976
11.5969
76.6215
-49.6805
-48.9181
-6.1427
17.0564
-10.7209
-22.5594
63.0132
6.59743
-54.2772
-25.0264
5.62377
3.80304
-0.539165
-30.8615
-15.8222
21.9855
14.4196
-28.6683
-13.5672
-16.5872
10.3821
26.63
22.4644
20.3899
0.316793
7.99103
1.74738
13.7413
-53.2469
-11.025
16.1541
-21.8622
-14.0881
12.6269
8.04489
45.2299
-54.1422
-17.7545
-29.2074
-42.7313
43.3826
20.6946
38.6282
11.5277
-47.7324
-19.9809
-6.27665
-0.835939
72.2835
-26.3108
16.6677
-43.1187
55.758
7.99451
13.1263
18.1704
-31.9054
5.24181
-32.6344
20.0596
-18.4076
5.38993
39.0998
29.0073
39.7504
-15.4976
-39.3025
-12.6539
22.7794
28.1273
-6.75748
-29.7353
19.1085
27.8578
5.19456
24.5371
20.5547
-24.6992
38.2978
27.5525
-38.593
60.603
18.506
-1.89733
-20.7235
1.50237
3.20914
19.9418
-1.12744
-23.9845
31.9517
-46.1159
-1.26435
-9.64418
-8.06496
-17.8861
-4.51418
0.158181
-3.52416
-0.678947
-3.16579
-15.6859
-12.8308
-12.0254
4.49942
9.52111
0.535233
-54.4515
-4.85478
10.0334
-29.5921
6.10681
38.1521
-10.2022
41.6303
1.07625
-11.6001
39.5162
-2.44141
9.64652
50.0241
-2.67118
-2.39403
33.4952
65.1229
35.6651
17.1974
-2.91252
4.03763
100.183
29.9855
-21.2151
-13.109
-25.997
-7.34652
-1.66996
-59.7635
14.8456
74.3066
10.6103
61.9741
-8.38828
43.4077
-79.8451
46.8883
-48.3142
17.4928
-13.9007
-43.109
-5.4185
13.2188
48.0544
19.4793
-14.5845
-27.6962
-6.94239
1.68111
25.4444
-9.02747
-10.4502
-16.7406
87.6428
13.2528
-4.46215
-7.80536
-30.0212
17.5497
35.9302
-2.87394
-48.134
-12.7336
-21.3913
-1.03259
38.1995
27.9573
7.83178
-27.7704
-14.8168
-7.02089
37.8196
-45.6707
23.8065
-10.7881
21.2296
-2.70542
-20.6296
-8.66605
23.11
-35.9865
1.81622
35.5164
12.0872
-33.2834
9.5774
-30.5896
-55.3476
-10.9035
9.1831
-13.2717
10.2069
-19.2641
22.6086
-33.029
-45.5071
-3.5463
-28.0105
-17.9188
-36.1913
33.2821
2.11173
-36.7958
-11.5068
15.4972
60.9195
11.0797
-44.9412
-8.69137
3.52966
18.8379
35.5166
13.645
3.0018
9.85064
20.9837
26.2896
18.2273
-40.6762
-3.04395
1.61672
-7.96245
15.0093
-45.7374
13.2862
39.1145
11.6537
-36.739
12.7146
-31.6668
6.11478
-18.6476
-38.271
-41.1569
13.2048
-36.0858
16.185
14.6666
-45.7672
58.0749
31.2187
-7.36099
-61.5166
5.931
52.4163
-26.0342
-4.79849
-35.9864
39.6259
-72.1873
18.6514
33.5039
46.3233
30.309
5.64094
4.09357
52.4821
50.5955
4.85732
1.91548
-6.76312
11.7578
-0.102064
12.196
10.555
-2.34481
-1.96826
18.1117
18.1224
-1.33063
-7.93029
28.9658
9.12083
-52.763
14.0512
0.254947
18.1789
-9.97709
6.18732
2.6441
-4.13814
-37.4473
54.314
-1.27568
6.31808
11.877
13.9307
-38.4112
-12.2857
56.5947
20.7753
16.9382
-23.7696
-15.0821
9.94716
-23.394
-24.3374
-13.0987
5.04583
-21.4869
38.0256
31.8155
-18.6652
18.4481
-21.7072
20.1074
44.2755
12.0896
-25.3131
37.1996
33.8646
2.22378
-27.8033
11.1556
-91.8964
19.1659
-14.5815
-25.7406
44.2067
-35.6252
-6.60187
24.3394
12.0368
23.4209
-42.3456
22.1458
22.5637
3.93161
-23.171
0.0430308
-11.1207
-23.6602
-25.7332
-18.0989
25.45
-15.9477
9.53651
-31.8893
-4.69357
16.783
-13.1224
29.8957
-13.9099
-20.2548
-61.2337
-8.17062
25.1258
-14.1378
-4.47821
-21.7636
-6.18681
12.2574
-0.630201
4.55032
37.1518
-51.7403
23.9722
10.662
31.2869
24.2856
21.1877
-55.9564
30.171
37.3492
23.7909
-60.8816
-49.7472
-10.3133
-19.3135
68.5464
39.3409
4.83313
-5.96674
54.9417
23.828
25.2024
-3.18181
-21.5758
-36.253
-11.2752
-33.4333
18.7183
44.0771
27.8058
8.43935
-40.2373
-23.1925
-23.0437
33.8998
-51.4103
-0.291439
23.1551
-15.2732
-14.6273
39.6376
-21.7721
-53.0769
46.3287
-17.6789
-7.81154
-46.7883
16.0418
18.7473
14.4986
-11.4084
40.8322
27.6253
39.4759
-31.3398
20.6485
74.4784
-82.5153
-49.5388
8.50966
-30.1531
-6.00205
48.9545
21.6868
9.29109
-7.47759
-38.8078
-18.8849
8.7428
-2.98468
2.08084
-6.39514
40.1208
-47.7148
-25.6643
-43.3562
-76.4022
24.0694
-6.52065
-34.6645
3.37555
44.0964
24.3116
12.4209
8.60576
-37.4436
18.9729
6.75956
-29.33
-11.7893
-9.88578
-15.0299
17.1489
-6.29246
-50.2539
57.5548
-20.1762
-14.4199
-6.38937
33.138
60.7716
10.8349
47.8038
-37.8102
17.2962
2.84299
9.35112
-28.0906
-22.4464
-27.926
-10.8461
-0.174298
-26.5879
16.6451
1.1265
-31.0943
-4.82078
16.1262
-2.65204
-7.37523
5.01305
14.588
25.2579
27.8446
-23.7454
13.1511
-12.7852
10.0629
46.7771
2.67396
22.1932
-43.1408
-9.8664
45.0522
-54.0422
30.3099
-29.3204
25.0251
-15.7953
50.434
-10.954
-22.3087
-58.9294
-7.34195
-12.901
-27.845
-19.1843
-18.8809
7.99432
23.0848
38.3021
-6.0262
16.2591
-0.678008
-25.8449
51.9808
9.45329
4.67676
4.4232
-39.085
14.1528
12.858
-26.3349
-46.9687
-10.3393
-28.7882
47.5063
-5.86807
-54.0198
-9.66926
91.5081
30.5106
-48.3469
-44.3403
25.6595
30.4481
-2.22796
-27.6821
14.4178
-32.0302
-20.7435
-2.06709
-12.4
10.1297
34.4761
-3.31183
2.43849
10.3901
-23.2052
2.23164
-19.7904
9.25663
-36.2394
-34.4348
36.3631
0.137066
-33.2735
18.7957
11.3963
27.6503
-3.40986
-7.62228
-6.61415
5.20225
11.0887
-20.2047
-7.07129
16.3776
61.5735
-31.5982
5.65497
-31.2592
0.332109
-0.974104
-1.50459
-12.3466
-48.7594
54.3189
38.2856
9.64504
-31.3646
8.27596
-22.4285
2.35688
-44.223
-40.7664
-37.3699
-1.90587
34.0658
-43.2934
11.8849
26.3312
-3.385
-61.6566
-17.3022
54.9166
-24.0179
5.0655
47.9998
23.4834
30.1847
-5.29591
6.6153
-5.89103
-17.3685
40.173
31.3971
-32.5018
-29.805
-32.3541
-30.5196
-28.9505
-40.564
-25.6921
3.80234
-13.5764
17.3377
-38.0584
8.68327
48.8541
26.9441
-11.7596
28.7499
-17.9509
19.2812
11.9867
25.1098
24.2923
-27.0981
28.1146
-20.2074
12.6055
29.3205
38.9585
-16.1947
81.1141
-13.1626
-29.9512
-20.1298
0.321053
-5.06045
13.3819
-8.51439
18.6577
1.59594
5.76275
0.0972634
9.53341
6.67328
-73.6495
57.4935
-8.29771
33.8584
25.4934
48.1392
28.8249
16.8629
21.2366
22.4447
10.8958
14.1892
-36.9325
-3.27436
-41.113
38.6732
35.0562
7.86946
9.05636
40.8199
8.9736
34.3505
-14.8439
-3.39542
36.9737
-21.3061
-8.01894
-13.0818
-13.8058
-18.9766
0.34689
-6.58811
23.5401
11.848
30.3143
3.86332
20.6254
4.31283
66.1094
-25.205
-3.9081
-17.5626
14.2311
-25.6983
0.245595
-1.24038
-24.4966
52.8259
-6.65031
30.8192
16.0306
-45.4171
-12.1945
-18.0627
83.2307
-10.5253
17.8482
-2.59638
-14.2715
20.266
7.56849
33.6113
6.55307
0.194225
73.7809
1.60891
-28.5985
-4.95108
-11.8749
-42.1727
28.7519
-9.36309
48.3866
8.25482
-41.831
42.4921
52.5144
9.07683
-36.9819
24.6003
-10.9365
63.6484
9.21316
40.7154
13.4496
45.0156
-5.71459
25.4192
20.3352
20.6718
22.6465
-21.1719
0.103146
-36.576
29.4361
-2.71571
-23.1013
1.86691
14.2881
23.3329
52.2242
17.8314
9.99607
10.4466
-17.4121
29.8898
-21.987
10.8117
-74.1256
-4.90956
-5.10771
-0.260664
-5.93153
-83.2595
-6.23083
38.025
8.72587
2.85475
-39.4284
29.322
28.2845
-1.498
-21.629
-30.4536
-40.5521
-29.5665
-55.1206
3.03632
-16.9685
17.5363
-17.9688
13.5498
-26.4982
41.7165
19.2589
42.6878
35.1355
20.5304
31.5538
20.6992
26.3425
10.092
-2.48498
-45.2393
6.51727
-38.1687
-6.58149
11.255
-14.1206
-34.3377
-10.872
-23.905
12.3364
4.42325
-52.1457
-33.3486
-11.9029
-14.5921
-32.3438
-12.4681
9.6488
-68.024
-15.6746
-8.17873
-16.998
29.6925
-59.789
20.4839
-4.9407
39.165
-24.0665
-31.1023
0.607933
-30.2807
-23.777
11.0476
67.5699
30.3189
15.7374
25.1926
-43.1288
-10.4319
-19.5188
-8.85774
-10.5445
12.8808
59.9276
25.1585
9.76167
-39.9659
-11.7833
2.22668
-3.06911
-37.7109
-3.91817
-24.7236
-32.6889
3.82804
4.41841
13.4328
-40.7217
-39.4354
-33.695
0.378259
-36.2892
34.8174
-5.45578
-25.7666
1.10128
-3.40146
-45.426
16.5141
-63.4505
52.9352
1.87853
-3.93599
-69.2532
18.6739
-55.5504
-8.97303
-58.1056
2.76885
-28.4435
31.6433
35.4192
48.0578
21.3582
36.3902
57.6867
16.5059
2.49528
-12.3547
19.8057
-2.51778
9.83772
3.56453
58.0858
49.0108
-6.31601
-68.4609
-12.3837
-4.7828
-9.06323
-18.9854
13.833
22.0324
-1.4468
18.2991
5.63272
-12.1304
-12.2654
-2.00205
10.2468
-25.5255
-2.37577
30.0945
2.09407
-7.04546
39.2501
-15.8388
-40.2829
6.7626
-22.8916
3.60917
-40.5561
20.7573
63.2362
23.9015
-37.9851
21.0041
-45.6466
-16.6294
48.6448
-3.65468
-32.7386
0.281603
46.5043
24.7399
25.5211
4.94602
-16.8425
1.09364
4.83044
-2.71284
58.0708
33.9074
-36.8525
-21.8327
2.82354
3.13962
20.0244
23.6313
-10.1718
15.6605
18.2331
-20.0405
-23.5319
-1.11231
-46.978
13.7447
45.0104
30.4454
-29.1253
-34.7524
-6.67677
-39.1384
-84.3798
50.9361
-53.6237
23.9423
-42.6896
-82.292
-29.1484
11.8748
5.3814
32.9653
-25.9798
-52.6762
31.0633
4.83658
-10.4932
-0.280967
10.0939
-3.69424
7.56152
-30.4298
-25.6772
20.9101
-10.6915
-60.0985
-21.1569
14.5755
74.4524
-24.3627
55.1898
-58.8922
-24.7009
52.9251
-26.1838
5.99111
8.52361
33.4405
-10.3368
56.7896
12.9574
-7.41403
-13.4634
28.2592
16.2359
9.22746
26.3248
-54.102
-14.7882
10.4466
-19.4884
-32.5338
5.72166
-23.578
23.3402
-28.2034
51.942
30.2858
-32.1428
43.9269
-16.8486
44.5922
41.2319
-16.8489
18.2563
79.4438
-22.1262
-31.7926
-21.8354
7.34312
-4.77085
-50.3269
-14.5035
-18.0155
-20.8374
-21.8818
-10.5124
-4.69164
-43.9682
47.4111
59.5794
-1.51526
-18.3159
-22.4822
-21.7529
11.9523
40.7886
13.6028
12.8146
0.975402
-28.7048
48.8852
-54.3195
22.2051
20.1192
8.65803
-21.5617
63.1464
-6.72698
-94.8123
10.3837
-23.9933
-32.0716
21.1589
-49.6858
-22.7594
-2.51996
40.3877
41.5998
39.1829
10.5049
4.59421
-7.37787
35.559
46.3655
17.9389
0.926477
8.60631
7.09544
-7.30318
17.0376
-20.481
17.4267
33.9553
11.5206
23.7964
33.7523
22.041
30.1138
-30.5886
-33.2347
16.4634
62.9611
-6.59983
-34.9774
47.9886
-6.89963
-54.4894
-14.43
-23.1364
15.2802
-34.5078
41.2836
-45.5289
-28.4968
-5.65254
30.3209
-40.3223
35.7238
-4.76305
-29.6161
-12.2542
30.3121
37.3823
31.9694
-10.7499
20.2871
27.8871
-39.1906
-7.36927
12.7955
61.731
-11.998
13.865
21.0796
11.6365
26.1941
5.15051
-46.3944
-8.79515
-26.4795
-0.130486
50.9607
33.6267
37.5131
31.513
7.80037
27.034
-51.3817
0.732443
6.80108
-11.9253
-13.7512
3.18275
-5.10762
2.58644
-34.5102
15.4694
4.54352
-46.9373
-0.960889
-25.1203
-10.964
-19.9238
-52.391
1.62859
29.7177
26.3479
27.7021
-60.6292
-17.9209
0.201429
-8.24664
-9.86078
-18.811
-4.06458
6.11776
26.0667
-13.8228
-20.1457
6.34494
32.1309
34.4653
-27.8716
-3.85755
-1.06648
-10.1429
-6.73524
-21.1661
2.98015
77.3317
-23.2435
-3.75252
26.2101
-51.8408
-32.9674
-25.9961
23.3817
21.3525
-12.8277
-8.41811
-34.6951
22.8906
-19.2413
-15.4518
-41.912
-34.4205
-11.8859
59.2785
-34.3052
49.1954
18.3828
27.4479
-9.64154
-14.7126
6.63763
4.55705
-28.213
46.3165
4.82337
-40.624
-11.6664
45.4067
47.4314
-2.70602
28.8801
35.1016
-36.275
13.5123
2.37261
-25.4566
-8.98418
15.8118
25.1377
-30.4018
2.69104
-7.804
-9.11188
8.12546
44.5003
3.6769
-13.9664
28.1993
-37.06
-3.34529
-4.00662
-34.756
-7.56209
-20.7075
40.7239
-8.5704
-22.8232
0.099917
30.5956
-7.50935
-29.5431
45.2274
0.0684268
7.85912
-1.64577
-21.3528
19.3006
-4.4661
74.3126
-19.7749
-29.0594
6.62695
20.0624
-16.973
-53.3403
23.8536
-53.3901
3.26058
-35.2527
-46.6746
-2.33396
4.89023
32.6945
3.18579
54.2629
69.8773
36.6911
43.8798
-34.9629
-5.8462
36.9811
-25.0195
65.536
-8.15172
5.32971
-5.62463
-7.12497
-71.7205
-32.6095
23.4202
27.6134
-55.069
38.3415
43.7078
-29.8984
-4.19314
35.3443
3.42685
27.8622
5.95583
-64.4435
-41.5751
23.7136
0.770685
40.7399
-13.1317
29.4199
-47.1735
-25.1729
9.54776
-41.5557
0.423212
0.591361
-2.7059
16.0273
10.4246
-18.7887
34.5516
72.6963
15.7731
45.9546
45.6688
-13.3882
0.750538
-1.24099
-0.832348
-21.6736
43.6859
15.7891
-19.072
-2.17614
18.5207
18.5399
-16.5996
30.9797
52.5784
-9.80834
-1.93523
-7.73887
-18.4635
-54.4555
-17.8148
-5.73191
-21.5575
3.3233
43.6837
2.52264
-22.2148
-23.9966
34.2413
23.7838
13.8381
57.0532
58.324
-70.8458
26.1686
42.9243
-28.617
-18.3319
56.1715
-8.09458
3.72025
-30.1215
-50.6785
-18.5641
14.0492
7.65529
6.82913
-23.1507
-29.3696
1.8574
41.5331
-67.8256
-78.3425
-31.9564
-22.3856
-4.15034
38.8568
7.73147
-36.5397
-19.5977
9.98151
-8.01134
12.2875
20.8149
4.83121
14.404
-10.8964
58.5727
-34.1262
-15.0679
24.0388
10.8129
-69.2393
0.120159
-5.10245
-23.081
12.6468
32.7221
11.83
-55.7768
25.0602
-12.7988
-37.5457
-13.318
17.3349
52.0819
5.50492
-60.1773
-19.7801
-56.7904
-52.8778
-10.0941
-22.8766
19.4612
-46.1672
19.5392
-84.3175
-24.9367
17.0316
25.8504
-55.7077
-23.1704
91.9842
-22.6345
-8.10391
-65.1181
6.04709
59.2366
-14.3612
-67.4858
28.1054
-9.56986
-3.15089
-84.8391
8.19965
17.3134
-2.07172
21.521
18.6363
9.45172
45.1699
-36.2787
-73.8022
-59.6061
87.1984
13.3376
-26.6371
13.1872
15.5944
-9.26296
12.9393
18.1434
-21.8377
-4.41281
48.2696
2.11686
-37.1895
8.98032
-16.2047
24.5631
-0.791802
-0.932969
-55.3041
19.9523
-24.5172
-5.14045
5.05693
-12.2038
-28.2049
-10.7391
1.66358
-38.4456
62.8377
4.27511
60.0803
-17.3686
-11.5037
-24.2483
-22.7303
0.393062
-2.29132
-42.4994
-39.9195
21.7826
-6.63545
5.51794
-41.7363
51.6499
31.1713
-47.569
13.0078
-18.0821
59.5296
53.2249
-42.4001
-49.7461
-1.6203
22.8465
-97.5739
27.0336
-11.1471
-33.7678
-18.3876
8.53522
-27.8151
21.3562
-7.71881
-30.0005
-28.3601
-4.64953
-19.8568
-12.9232
-12.5389
19.5044
-19.2015
-13.2311
24.6356
14.1466
-54.4543
-19.3985
48.814
25.6884
43.3508
-3.86644
-38.4756
-17.7646
-12.4005
-14.0199
6.40426
-20.1253
33.441
-0.117588
-13.3747
-4.84937
57.928
-45.1343
-16.3718
57.9889
94.1002
16.047
62.5603
-52.3041
-8.20672
13.1196
3.09199
43.4935
6.5862
29.484
10.8307
-34.595
5.02971
17.0702
-2.71636
59.9135
3.65535
-17.814
28.2648
16.7045
-21.5168
36.7214
-8.61908
2.96836
4.98859
-15.894
11.7622
62.181
-24.8381
-22.539
-17.0863
22.3839
34.3729
-3.28887
-11.6112
-1.10625
-1.31142
0.306091
-17.8363
-5.933
7.98772
5.53879
21.4089
12.5988
-51.8595
-55.177
6.05684
19.3859
11.8343
-31.2435
23.3212
14.6072
-11.9422
18.9144
-15.1991
1.33048
25.7912
-23.2197
-0.946594
43.7391
13.3679
-42.6281
-41.0701
19.3694
33.5501
-11.0414
-5.94344
2.2943
23.7986
1.27053
-9.06026
-33.6153
38.7867
-12.4741
-67.9979
-29.0473
7.1961
-8.43472
-42.5525
18.6259
-1.86585
-39.1784
4.15907
-32.3872
-24.8705
-10.48
-3.87838
14.6888
-57.1457
-6.59757
4.06762
-34.388
32.3587
-16.4422
-36.2294
-17.4479
33.5192
-17.5965
-47.2626
-26.409
3.55469
8.61699
-25.1726
22.9879
-32.3725
-23.3646
21.1955
-10.0265
-11.0211
-7.44825
-3.91536
-5.92531
-12.2654
29.8592
-29.1455
12.4859
37.2905
-28.3516
2.24967
-35.8492
28.6202
28.3616
-16.1828
48.7065
-8.56457
-35.3622
48.2089
-55.0073
-32.2024
-15.1195
-4.96663
-4.01194
6.77901
-24.1018
17.5321
-37.1885
9.53433
31.6772
-9.94616
42.2241
17.2588
-31.7315
-0.380562
6.41608
-5.49375
-34.7678
-42.3604
32.9939
-19.1725
33.367
40.2141
0.441149
39.903
-76.2562
-22.6819
-16.0994
-39.8246
6.26309
48.3898
1.96463
-39.5606
1.91517
4.83344
-20.3192
25.1241
-35.0806
-10.3739
-10.642
-21.1161
64.9844
10.9029
-30.0052
13.4733
8.29819
-80.8166
-37.7744
3.9909
18.9162
-45.3262
81.5184
-77.2848
18.1971
23.9305
18.1159
21.4099
21.6646
6.41329
-23.3745
-8.36842
37.2162
27.6238
33.237
-17.0172
47.2298
9.99549
9.73518
18.2599
0.501679
38.5116
26.4307
48.2022
42.4537
22.4262
-2.52843
-26.7447
47.9562
-21.8053
-17.6917
10.0693
2.64375
16.0674
0.142659
-8.01022
0.935665
40.2289
8.06992
23.936
-62.3122
26.3496
32.0613
18.7881
-28.8091
-16.7441
-30.3818
-10.4077
25.9305
-14.9959
-4.96402
-58.0154
-6.5408
29.7818
7.82536
-16.3927
56.0336
-29.7445
18.7622
27.685
8.75134
-16.9786
1.10761
-14.396
0.0849298
-7.21687
26.2848
-34.9859
31.6766
1.71733
13.0359
71.9304
50.3612
7.73473
26.7683
-10.6934
-28.0006
70.6149
-5.3169
-49.731
27.7588
-58.4546
-20.5263
-15.2919
-28.2847
-58.0869
-37.5472
15.5538
49.0334
4.95674
-46.6723
-23.5069
16.4516
-3.98175
28.9129
-31.6057
26.582
-43.6497
-16.1165
-0.398806
0.17161
5.22034
69.4619
27.5751
20.1926
3.55833
-78.3677
-71.9494
30.5116
-7.18238
28.3815
-85.7344
-3.59167
-29.7977
14.9326
77.1617
-24.0514
-2.28718
-21.9896
45.5624
1.5987
4.16866
-26.6372
35.9515
-34.481
-17.932
-20.2888
-18.4991
-16.2802
26.4768
-5.91372
-1.56665
7.32985
40.2041
-55.0032
14.8734
45.4307
-19.7309
22.7987
-24.5243
-12.7322
14.293
9.73113
3.43528
27.6852
-36.2168
-27.9325
33.5967
11.4329
-21.7331
-26.4945
-12.6591
34.3321
35.2234
48.7179
23.6117
-28.6669
34.175
-1.72891
-15.5422
-35.1339
-0.534219
-22.8836
-34.6914
26.0263
-20.7562
-8.16754
4.87682
-30.7153
-34.276
7.44338
-58.9808
-17.2048
-6.72805
3.81364
47.7604
-15.6283
53.6221
21.0838
-19.3644
27.6806
-9.78115
16.7826
33.6696
73.0924
-22.289
44.0068
39.1435
21.794
-9.53648
9.15869
20.3709
13.163
20.0412
5.74639
-15.1137
-67.6788
1.02345
-50.4407
-29.2236
18.2946
-5.88155
18.483
-37.1694
10.8553
6.6668
49.0891
-10.3924
-29.8361
14.8367
-4.06924
-60.4537
1.45478
13.29
2.80323
1.19769
-13.9702
30.7461
-8.59172
-28.3723
48.9409
55.2354
56.1705
1.62833
-16.5372
-27.1396
-6.83741
38.0767
10.2465
-23.0782
-34.7802
-32.5297
51.2179
-14.1934
25.1176
-22.0788
2.09589
-45.6172
65.4137
4.34045
-32.1901
-50.3023
33.1405
28.3208
-5.98777
21.1026
-38.5996
-43.6786
-47.2303
11.9741
-26.3542
55.7594
-17.8065
19.9587
-7.10375
39.0862
-9.86814
-1.48564
-4.70484
16.5003
-30.7008
-26.0582
5.48753
-19.8744
50.9426
-26.5266
-22.0058
-5.57922
60.3749
32.6395
7.45747
-16.5338
-29.6007
38.0137
-16.0393
13.7914
-36.4698
10.4544
0.553872
50.5329
-48.9186
-11.269
-14.3147
-22.9662
17.8239
-22.8967
-92.9452
-33.9898
-16.0427
38.2807
-19.572
45.1264
14.9373
7.85393
22.448
-17.8941
-5.88653
-0.486249
50.3083
38.1588
-0.425098
-23.5421
14.3193
51.9005
-14.4926
-37.2452
-15.1672
-63.2348
0.694053
31.1522
34.542
-15.7727
-15.3193
-48.1074
18.1202
-12.4379
11.6444
3.78375
-30.7324
7.54414
-65.369
19.4684
26.7145
-27.5743
13.2601
-1.7384
-2.95597
0.530363
3.57754
-16.064
14.5275
-0.400398
-0.672543
-8.38102
-32.7444
-56.2319
-19.1783
-6.65491
-22.6401
-34.112
5.77927
-22.3327
-20.9824
-24.7231
17.5194
24.4466
27.2169
-50.0752
28.7052
-25.8956
59.0999
-25.4809
-72.0018
-5.15439
-9.69359
29.7032
7.54385
45.0988
-10.6993
30.0539
-7.09764
-8.64269
-14.1249
43.1961
12.7638
8.04054
36.5261
-22.9801
-10.0336
-20.8938
-20.2042
13.8317
-5.99652
-25.9074
-15.0524
-55.1862
21.2883
11.947
-42.0946
-16.6044
-7.84001
26.8189
-5.79757
34.7276
-12.4614
-0.245684
-15.5108
-65.3517
2.07156
-39.5768
9.79422
54.4705
55.1396
-3.9898
20.9247
-5.67786
-34.8736
-74.4045
84.4254
-29.3047
1.95239
19.4003
-13.7805
-46.7073
-13.3195
27.8354
0.454308
15.2205
-21.5947
12.3095
18.1211
9.80961
-22.9988
-16.7714
22.1293
-54.8359
88.957
-10.3062
-13.642
7.62666
39.4694
-33.5965
5.94438
10.7497
-15.0837
36.6014
-46.2354
-36.3301
-22.6706
12.7032
33.3184
42.3521
-20.3603
37.7799
-2.88404
22.0851
31.9606
23.0754
16.9117
-50.9138
-109.799
-22.2166
-16.2152
10.6684
-28.6565
15.143
34.9171
45.0947
-11.2175
29.7093
32.4175
-5.61034
28.8944
-83.6613
30.345
21.1229
0.791275
69.6966
-56.5322
40.9843
-13.1426
26.4751
-55.9474
27.9511
-74.0177
-45.7
8.80134
2.43384
-9.573
20.5217
7.98885
13.2499
35.0557
-20.4265
-61.6469
-16.2508
22.3363
-3.01569
-91.4547
-12.5481
89.6164
-26.1317
-36.0823
-45.3193
-1.42656
41.2059
-6.80165
20.3946
-2.47655
7.06085
55.2449
3.15568
17.2896
-7.14359
-17.3124
35.2424
-9.46573
15.9918
-30.2731
5.19272
2.11025
-12.8773
9.89627
-23.575
-10.2957
20.1544
35.8854
-28.5701
-1.37477
59.4902
49.0675
-14.4778
14.6062
21.9275
4.11579
-10.2865
13.1097
-4.8094
3.7687
21.5105
10.3555
-12.3822
5.12478
13.084
-1.63317
5.4207
2.42625
18.1741
-20.9164
24.4677
-24.5441
20.7564
-18.0218
4.73651
31.4343
-25.8651
-17.6124
-11.8395
52.0506
34.0411
34.0646
10.3679
-7.04182
-43.7548
-35.5046
19.4271
18.1252
-50.4153
-17.7963
59.456
1.67739
35.6894
13.8265
-33.1176
0.727879
-3.80135
-35.644
-27.2567
-1.08995
-52.4869
37.0563
-11.9044
45.611
37.5418
16.4142
19.6646
27.0512
0.258148
-12.6585
-21.4001
-18.0577
0.731084
8.79781
5.01929
24.9964
-20.2981
-16.6589
-30.1071
-3.59074
-17.215
-24.2272
-22.1933
50.7112
7.71373
28.1152
-26.4427
38.5404
42.8381
-3.64859
-15.6047
-21.166
-12.3436
48.7798
-10.3913
72.7277
5.2155
-51.8725
11.7519
11.8772
10.7271
36.7633
-8.70141
14.019
45.3921
13.4903
-39.0641
-24.8966
-25.2132
-0.981842
-32.6846
-37.9401
36.8247
-29.4716
1.30459
-82.6359
16.1335
-16.4375
-9.75021
-11.0798
38.7423
24.0171
30.4458
24.3681
-14.0884
19.1717
-36.7654
3.83593
17.0707
40.2323
23.9729
18.0078
-7.46676
-5.51389
23.7377
-5.86402
2.59573
-29.7254
-0.998099
26.0319
-10.5609
-17.6193
24.0531
-8.21706
37.7271
28.2569
20.7417
15.6483
20.0382
12.4729
-33.1478
73.2434
23.6763
9.7637
-6.44571
20.2674
6.30414
38.4666
-29.677
41.9105
19.1205
34.8375
-20.4344
59.889
13.2101
6.29896
16.7163
19.4418
-23.7166
-46.3397
22.5191
-6.74636
-35.8077
41.2509
-15.4357
29.6851
-28.1996
-58.839
53.2998
-10.7577
33.4547
35.774
-42.0765
-9.41925
4.44176
-13.8204
19.4679
9.09744
-20.1086
31.5658
-58.5009
-0.825833
9.91882
12.8912
-9.44426
-37.1258
-2.55524
21.8435
-28.706
15.4252
74.8197
-31.053
14.1411
21.4887
49.7721
-29.8842
-21.7925
55.3885
11.707
12.8206
-15.9013
8.29316
27.4864
-0.0506582
-21.7859
-20.7221
-39.7957
-9.23571
-55.7885
41.3533
-64.46
-63.572
25.4987
18.5078
23.9331
25.7475
-16.8611
-37.0895
-0.888787
31.0388
-11.0385
26.5895
12.507
-1.43086
26.2391
6.70686
57.7118
-14.3217
-30.414
24.7585
11.4365
-29.4323
-32.4706
-35.3772
-86.3679
56.449
11.3839
20.1097
14.545
-24.7983
13.8789
51.5457
-0.706746
56.1063
-26.6702
-18.6728
21.2036
52.6231
-26.298
-42.1084
24.3123
7.25325
-1.55811
48.0389
-0.931473
37.9589
-0.507008
2.33663
-59.2021
-27.5601
-38.8669
2.3338
23.2659
58.8951
-18.8951
-34.0716
9.85358
-43.162
-34.1195
26.9402
-3.13344
27.1125
-11.6883
9.95033
-4.65446
-6.35611
-4.8905
2.68625
-3.09061
-25.5275
-25.5714
24.5011
-36.8179
20.8329
-35.2317
-43.0681
-15.9681
-4.15561
9.03832
12.8656
-6.61209
-31.2866
-28.0522
48.8218
-62.494
-69.8705
-71.8948
41.0327
3.55908
30.0874
-20.1645
33.408
57.2504
-11.7328
9.84557
-71.6645
-14.7445
9.22824
44.3811
-18.5954
-13.1915
14.5125
17.8709
-37.4524
-4.46367
14.0602
4.28197
6.81118
-9.5442
-20.8994
34.5626
-39.3045
-46.0068
29.6377
37.0171
28.5991
-7.65992
-51.0269
5.06405
-44.8351
6.14974
14.8906
24.2222
23.0312
-17.2452
33.9341
-0.987282
15.3656
13.6571
-65.1001
4.62202
-32.0536
13.1698
-19.3099
11.2887
65.8001
-18.0798
3.12874
-7.01421
13.5661
11.7453
29.2612
7.44304
-11.7182
-40.3849
1.9485
-0.00872626
-5.88439
-0.951285
32.0264
27.6865
-13.2064
-9.8366
18.9248
2.20702
19.6569
38.5341
-40.3839
-27.7703
25.9914
3.98409
-7.95549
-25.9168
-52.3346
-0.834321
-13.656
-26.1978
-29.3793
-39.722
11.4462
-1.34604
38.7489
-13.9825
-3.39866
-14.9852
-3.17877
-16.0114
-38.1842
2.83058
29.7453
-79.0144
51.5446
38.2542
50.2611
1.67809
-24.7454
11.7336
-2.00604
22.6813
-20.8446
-18.4939
-47.5633
-12.214
3.23328
-21.3508
-18.1964
-16.374
-45.7193
76.6057
22.7681
-15.1354
-35.0787
-31.6213
-18.836
-20.1251
21.9652
-5.23853
-6.20537
0.883935
-2.61615
34.417
23.8563
-34.3897
19.9532
-28.6225
9.2606
-49.5629
18.5051
-0.31542
15.1881
8.90971
-52.8657
-1.09287
32.9542
-16.0869
11.1615
-37.7185
-57.2255
7.47397
39.1448
8.63161
12.8612
-23.9455
37.033
-14.3927
-33.6702
-2.38865
-5.88506
-45.0082
-21.9425
1.42192
-34.0214
22.6095
-26.8659
-22.0447
20.6789
-37.7695
-11.9136
18.4621
16.9833
-46.4391
-33.8855
-7.57379
-0.472769
14.2599
-1.04658
43.4121
33.5476
-32.4996
33.7417
5.52094
36.3364
-32.2987
14.0129
12.0734
-8.67485
77.6471
-28.8821
-9.99315
11.5472
63.1864
5.94344
37.2526
-26.7529
-45.6468
-44.9938
3.55236
-18.5213
48.9442
-36.2149
-37.1487
-3.91815
-14.7314
1.7175
7.77014
-24.5859
26.9986
-6.85628
34.9325
-10.8023
-39.0694
10.9546
-6.69006
-19.1882
-29.4538
-6.67073
-17.3704
-16.9041
-45.3368
34.0486
39.0954
-69.9914
17.7884
22.2564
-13.451
-5.49848
-31.848
9.77537
1.5816
-4.82806
-29.7976
-27.3687
3.56297
-29.1296
-6.60033
0.483636
-11.8607
-64.078
-30.9801
7.21198
-20.5969
36.0375
-1.00347
63.6605
72.7594
-49.5037
-55.7623
29.146
-49.8574
-6.85704
-20.5646
-20.2201
-27.0656
28.3559
-27.4715
15.8616
-10.9691
15.4092
-10.8173
-14.4966
3.05203
3.70111
13.2166
21.153
-22.4424
-36.4327
25.9788
-29.3689
-3.46559
21.528
-25.459
22.6612
1.60012
-45.8468
18.891
-3.49587
-52.2086
-50.5901
2.73585
24.407
-37.6879
63.4196
1.57166
-28.8585
33.2657
10.0256
17.7684
20.5898
45.4541
8.1605
26.4433
45.2784
-89.2852
83.8069
-31.8931
25.0186
12.1126
-75.2794
-42.7515
-1.07715
12.1025
29.1377
14.4943
-4.93125
-0.266811
-48.893
4.87811
-18.1579
37.0171
-8.12074
58.5003
-57.7568
-15.7176
73.1073
-25.0451
32.9507
-19.8788
-1.65428
7.96079
-13.9868
2.66722
10.1095
-17.242
-83.6042
-56.2139
-6.37586
23.4686
-33.1143
31.5756
-22.8256
23.8078
25.0385
-25.7202
20.4471
1.05072
-47.7969
14.0773
14.0745
-23.2732
-7.46388
24.1773
-28.5921
-16.3582
48.3186
-24.1651
-37.891
-27.7383
-12.8516
1.21945
57.5855
-27.454
17.6726
5.50583
23.8877
-8.09631
-3.58807
-19.7985
-7.65597
-10.994
-32.1713
-43.4548
10.9567
-17.1332
11.5249
-21.6097
-42.8352
-31.0568
-47.9546
-40.3983
2.86926
-9.99477
17.1034
-60.9399
14.0159
5.00718
-16.4279
-7.71181
12.205
-18.7917
-7.98973
4.96335
-22.539
-23.0809
-14.4768
10.4572
-50.9114
-31.2314
-54.8212
-42.87
-1.49643
-10.9675
41.768
41.0113
48.5066
3.59323
-12.6686
-9.3998
-20.3672
50.1864
13.4937
-19.8445
-53.0439
-13.5111
26.4373
31.1948
-20.5727
-42.8935
16.0482
22.8913
-23.4779
33.8462
0.152758
7.15418
45.9592
-20.349
-24.6982
34.4887
-18.3335
-25.4291
-39.3695
19.5136
-25.3145
7.45782
-22.2149
8.15623
-50.3846
31.7796
51.7999
14.1471
-20.381
25.6376
1.42375
-40.4401
1.00654
-28.9815
-8.24233
-7.21004
12.0104
-1.3474
42.6871
23.9811
39.4624
-6.1768
20.9241
13.7843
14.3207
25.3467
33.518
-11.7326
-41.0943
-12.133
-30.8694
-24.9716
-13.7835
10.7169
2.27406
28.2309
-2.73266
-16.6944
26.0771
-21.1171
1.8456
27.9916
-6.86347
6.0961
-3.77217
29.1444
19.7938
23.5247
14.6762
-35.698
14.6137
-5.94742
34.4654
-25.5998
-46.7321
-3.83266
-54.8194
27.5475
6.38383
15.389
23.9988
26.073
18.0592
-17.6246
-31.6841
-9.79346
-16.501
-15.5329
-4.1722
19.5269
6.61542
25.9864
4.53975
-8.31176
17.3551
-18.9401
-21.0259
19.8556
-19.4932
35.5474
-10.1415
-17.2082
36.9416
30.9309
11.9041
-62.9246
2.60651
27.7872
4.76929
18.3194
45.1029
2.66339
15.4722
-14.5262
-41.8914
-0.983439
-15.5019
-33.7924
-16.831
4.10955
22.8546
55.3946
-29.5472
-16.4614
4.53879
22.2755
28.2667
-21.7537
42.4153
4.44983
-14.7356
-40.1293
34.8501
-12.199
-33.0528
-29.3336
-29.5551
29.5684
-60.3181
11.1868
16.0415
-8.56266
-15.0895
-75.8314
45.9719
-23.1409
31.097
3.65067
-8.10117
52.557
27.669
-25.9691
-23.7677
0.945622
33.1764
-35.0314
-11.7923
-39.0578
18.7957
27.9416
37.4652
-45.3619
-0.00899955
0.57628
50.7295
58.0234
-30.643
9.55507
-35.1239
5.15028
-3.59389
23.4047
-13.448
29.1048
-44.596
35.319
-34.3916
-38.0062
24.0555
-31.3135
-1.30599
-6.6195
-13.6349
-0.655519
-16.2552
-37.869
-33.7845
-1.77302
-37.8483
45.671
15.4132
5.18187
5.39344
8.29897
-9.51778
36.2307
10.8165
53.6685
5.30187
3.83392
-59.2351
29.3459
14.911
50.0192
4.33405
-9.67
-0.724692
-20.3353
-3.18803
12.6326
7.9148
-2.93971
4.02013
-3.67709
-37.9183
-53.4531
28.6261
-14.04
19.9835
18.0501
-2.7207
-42.321
-8.07543
-2.02081
79.6098
1.224
18.0223
-51.4787
32.2793
-13.9544
-30.0745
26.4905
-21.4224
24.802
27.0857
-4.1643
-29.0983
-61.6358
29.2447
32.0658
-16.7395
8.3626
-67.7297
-27.1291
-7.49928
18.0449
-41.9088
-45.4266
28.4561
15.3806
-36.642
24.9987
27.9208
11.2212
-25.1614
54.0224
60.5679
39.7163
-49.173
-1.13958
15.5115
23.9319
-35.3877
-67.4147
55.7779
57.5089
1.24979
-30.8868
-24.8758
-31.9176
8.49506
8.06087
22.5483
-3.65435
-3.12516
10.6869
21.6216
37.6422
81.118
10.5802
6.94816
51.411
36.2793
14.7618
-5.27625
0.954019
19.4736
11.0001
11.856
52.1767
46.0317
36.053
34.443
29.9136
14.7931
-34.4237
54.6784
-10.2429
13.255
31.3645
-55.2792
-11.3164
14.4265
6.0779
-40.1933
-25.6433
-17.5057
17.4923
-27.2374
-6.86532
10.7449
-21.049
71.1375
1.64368
28.6836
60.8074
-4.00349
-45.5238
-8.24656
-4.59106
-0.0667768
-6.93748
6.18731
-33.8326
-49.377
-10.5248
3.85686
-3.69502
-3.39678
8.20058
-75.0218
-4.93677
0.55132
21.0991
25.8491
-32.774
-42.7836
-39.6831
1.78621
11.8317
31.03
2.08828
14.4968
15.0415
4.97676
-37.0938
1.49318
21.885
17.9933
20.6012
12.2417
-9.0444
-1.10099
-15.6549
-36.8345
8.94907
-24.3995
8.02577
59.3166
-0.311352
0.482734
-15.5416
20.6911
-20.4792
21.6272
-24.1066
26.0937
8.07719
3.37519
-6.93608
-1.83788
-25.439
27.5232
-46.5549
-24.6876
29.0552
68.2303
-27.4842
22.023
-0.264514
-7.47191
-65.729
-0.276018
-35.2927
-17.1193
-24.2375
30.0617
-1.17209
4.18143
-26.9796
1.37713
36.6066
32.105
-9.93886
8.99037
7.41987
-3.90324
-1.2633
2.47701
-37.2316
42.9029
-28.2789
-2.50467
-12.4432
-53.3623
8.66168
-1.26258
57.2245
-14.6821
27.3435
17.7345
-23.8141
-40.7733
50.354
13.8767
11.0832
-18.1824
-4.46256
1.26284
-3.97177
-9.55635
38.467
-35.0705
1.18308
-26.4453
-13.7039
23.0449
-35.9069
-7.1357
31.1375
21.364
-55.6171
-23.6162
41.6346
17.2202
7.73532
-87.9583
-40.9932
-20.5677
14.0551
-14.1789
59.7449
-14.507
24.6894
-17.1353
