264.395
231.877
183.925
229.779
258.101
258.101
259.15
250.758
254.954
219.346
265.444
205.709
226.933
239.22
246.563
261.248
268.591
235.024
271.738
240.262
250.758
249.709
248.66
247.612
252.856
252.455
265.042
275.934
260.199
248.66
238.987
254.954
236.073
267.542
257.052
254.954
260.199
256.003
237.122
249.709
217.03
244.465
279.08
216.136
244.465
241.318
233.975
249.709
247.612
275.934
226.911
214.323
267.157
249.988
226.911
206.981
223.764
227.96
235.303
205.106
237.401
236.352
200.017
215.372
204.275
222.715
236.335
231.107
182.854
212.604
249.988
213.274
256.265
236.352
230.058
233.205
191.484
229.009
245.122
232.156
231.107
218.519
208.253
231.63
237.401
224.813
226.911
248.128
195.442
265.722
236.352
246.841
183.078
232.541
225.862
237.401
203.834
238.449
211.176
231.107
215.677
210.432
223.02
221.971
195.747
209.383
190.502
185.257
219.873
197.329
217.623
219.873
214.628
211.481
225.118
219.873
200.476
217.606
197.022
224.069
180.012
205.187
165.86
221.971
242.134
229.145
204.138
166.376
214.628
171.62
169.523
207.285
190.502
212.53
216.726
218.824
217.606
212.53
207.285
218.824
214.628
219.873
204.138
203.089
223.246
172.669
197.845
185.257
199.942
215.677
238.447
209.076
230.565
227.957
201.434
230.055
231.104
211.174
211.092
192.293
246.315
205.558
205.929
221.664
202.782
224.811
216.419
259.426
243.692
185.999
232.153
206.455
221.664
227.957
237.398
220.615
249.986
217.468
230.055
235.3
229.532
239.496
230.055
213.272
196.489
254.181
215.37
226.908
234.251
240.005
192.455
208.932
237.26
248.937
212.223
237.398
230.055
202.483
209.076
223.238
202.126
189.909
197.414
203.022
200.113
207.456
187.525
196.966
207.456
172.84
217.945
239.974
216.896
196.966
211.793
185.427
231.582
216.896
213.749
190.813
206.407
192.77
190.071
192.77
185.427
199.35
198.015
174.938
211.652
200.113
212.7
218.231
209.554
189.909
185.427
194.868
203.26
218.994
196.966
221.092
209.554
220.043
203.26
191.721
178.085
204.309
214.798
196.966
192.77
196.966
169.665
211.384
191.911
187.498
186.449
196.938
188.547
215.82
191.694
215.82
175.959
194.84
183.302
196.938
195.889
152.882
166.518
164.421
194.253
210.575
182.253
200.547
195.889
170.714
192.743
174.91
243.254
186.449
212.673
180.155
228.167
186.449
154.98
171.763
196.938
186.449
169.665
177.008
190.645
171.763
202.183
186.377
215.82
169.665
189.596
182.552
175.959
178.057
193.791
202.183
212.983
202.493
221.374
228.862
209.836
217.179
215.081
193.052
220.325
198.297
198.297
210.885
203.542
206.689
217.179
224.521
205.64
212.983
204.591
201.751
215.081
198.297
212.983
218.228
209.836
235.011
198.297
196.199
202.098
233.583
222.423
206.689
222.423
210.885
212.983
209.836
215.081
231.871
251.794
189.906
179.416
189.906
190.955
223.077
205.64
204.591
225.715
214.032
220.325
236.06
221.5
181.64
165.701
216.255
173.248
203.668
202.619
237.235
200.521
194.227
205.766
205.766
203.668
192.129
182.689
206.815
180.591
200.079
222.549
197.085
199.472
216.255
189.814
218.353
196.121
218.353
212.06
198.423
188.982
185.836
197.374
195.072
195.276
217.304
222.493
245.168
194.227
217.304
194.227
204.717
217.304
195.276
195.276
234.088
217.304
195.276
212.06
196.325
213.109
224.647
162.198
204.156
210.45
188.422
215.695
190.519
168.491
153.806
182.128
198.911
192.617
194.715
178.981
190.519
162.198
175.834
174.785
195.764
187.373
169.54
187.373
176.883
176.883
209.916
189.471
193.666
202.058
197.618
196.813
198.911
206.254
195.764
210.45
188.422
187.373
214.646
180.03
187.373
202.058
190.519
210.45
213.063
192.617
175.834
196.813
166.393
191.568
233.227
212.911
202.058
283.522
265.69
256.249
261.494
258.347
231.074
244.71
270.935
226.083
260.445
210.349
252.053
261.494
230.025
257.298
248.906
236.319
218.726
221.633
218.486
233.172
236.319
233.172
224.78
256.249
195.062
253.102
263.592
251.004
253.102
245.759
227.927
251.004
266.739
279.326
244.71
225.829
254.151
257.298
247.857
233.172
283.522
214.291
243.661
231.074
241.564
256.249
254.151
208.699
263.592
