500
111
80
65
78
105
105
106
98
102
92
112
79
106
87
94
108
115
83
118
109
98
97
96
95
100
100
112
122
107
96
109
102
84
114
104
102
107
103
85
97
97
92
125
86
92
89
82
97
95
122
96
84
124
118
96
77
93
97
104
96
106
105
81
85
88
92
95
100
54
93
118
83
114
105
99
102
76
98
124
101
100
88
99
103
106
94
96
130
66
133
105
115
75
91
95
106
74
107
81
100
109
104
116
115
90
103
85
80
113
100
99
113
108
105
118
113
103
89
90
117
75
99
70
115
112
100
98
62
108
67
65
101
85
106
110
112
89
106
101
112
108
113
98
97
115
68
92
80
94
109
112
84
92
102
95
104
105
86
97
68
117
90
81
96
78
99
91
132
117
62
106
79
96
102
111
95
123
92
104
109
101
113
104
88
72
127
90
101
108
101
86
92
98
122
87
111
104
96
84
95
98
77
102
87
98
105
86
95
105
72
115
136
114
95
106
84
128
114
111
86
104
91
95
91
84
86
96
74
109
98
110
104
107
77
84
93
101
116
95
118
107
117
101
90
77
102
112
95
91
95
83
92
97
100
99
109
101
127
104
127
89
107
96
109
108
67
80
78
106
122
95
112
108
84
105
88
122
99
124
93
108
99
69
85
109
99
83
90
103
85
114
90
127
83
102
77
89
91
106
114
104
94
112
111
101
108
106
85
111
90
90
102
95
98
108
115
97
104
96
103
106
90
104
109
101
125
90
88
73
113
113
98
113
102
104
101
106
101
141
82
72
82
83
93
97
96
108
105
111
126
118
80
65
113
72
101
100
133
98
92
103
103
101
90
81
104
79
84
119
93
97
113
95
115
94
115
109
96
87
84
95
93
93
114
95
117
92
114
92
102
114
93
93
130
114
93
109
94
110
121
75
115
121
100
126
102
81
67
94
110
104
106
91
102
75
88
87
107
99
82
99
89
89
112
101
105
113
102
108
110
117
107
121
100
99
125
92
99
113
102
121
115
104
88
108
79
103
112
103
113
130
113
104
109
106
80
93
118
99
108
84
100
109
79
105
97
85
99
71
68
82
85
82
74
104
76
101
111
99
101
94
77
99
114
126
93
75
102
105
96
82
130
64
92
80
90
104
102
89
111
