500
261
256
180
232
269
280
257
238
258
203
257
206
239
250
242
265
260
238
285
240
243
240
251
257
269
251
264
264
271
243
231
272
240
269
242
255
260
240
231
241
220
230
284
233
237
237
211
257
248
274
223
213
270
266
233
196
229
227
233
203
229
233
194
213
205
225
235
230
186
218
262
221
253
242
228
216
171
212
242
226
224
220
202
225
243
233
252
251
198
259
234
246
167
228
234
232
210
248
223
239
192
204
231
225
193
213
202
187
211
195
216
228
218
216
225
215
201
220
184
225
190
204
183
227
235
228
201
170
221
170
176
224
200
220
208
213
221
211
191
203
224
211
225
181
228
174
190
190
192
224
238
193
207
225
213
232
231
219
196
208
237
206
203
223
184
240
222
278
257
188
222
190
222
230
247
211
257
219
222
243
232
236
249
220
197
242
217
229
238
234
185
214
254
245
203
234
225
199
215
222
198
188
186
197
189
205
180
193
207
165
220
245
210
211
198
185
218
216
203
188
202
184
171
202
209
224
196
179
210
204
206
200
212
180
170
222
204
225
212
206
216
227
207
197
177
215
209
192
204
217
166
207
195
198
196
199
182
220
190
228
162
195
196
191
195
145
164
163
195
200
189
194
191
163
189
211
274
198
219
167
222
180
161
183
197
183
161
177
201
176
203
193
220
154
189
179
156
165
190
209
212
207
213
207
212
209
228
213
218
212
210
198
205
211
223
232
214
221
203
206
194
189
226
213
215
250
191
189
200
238
221
198
208
209
212
206
214
219
257
171
184
199
185
224
210
200
226
219
212
245
230
184
168
202
178
189
216
239
201
189
182
192
205
215
189
208
174
201
229
194
217
201
185
216
177
221
210
197
196
195
204
191
193
218
207
233
188
215
210
211
210
187
209
258
216
189
195
204
213
233
154
206
203
201
209
190
166
166
192
189
186
184
185
194
147
157
175
203
195
155
172
186
176
205
203
186
203
201
205
190
209
223
194
193
185
205
172
198
225
183
215
207
212
187
195
174
192
241
211
190
285
281
245
259
269
213
252
278
230
253
213
254
271
238
254
266
237
211
219
229
237
247
235
251
240
192
253
265
266
256
245
230
259
260
283
230
227
245
251
251
223
273
201
222
231
254
255
252
199
279
