1:
43.5    0       0       0
0.5     0       0       0

0       0       0.5     0
0       0       41      0

0       0       0       0
0       0       0       0

2:
0.5     0       0       0
0.25    0       0       0

0       0       0.25    0
0       0       1.25    0

0       0       0       0
0       0       0       0

3:
0       0
0       0

0       0
0       0

0       0
0       0

4:
0.5     0       0       0
0.25    0       0       0

0       0       0.25    0
0       0       1.25    0

5:
43.25   0       0       0
0.25    0       0       0

0       0       0.25    0
0       0       41.5    0


6:
0       0
0       0

0       0
0       0

Full:
43.5    0       0.5     0       0       0       0       0       0       0

0.5     0       0.25    0       0       0       0       0       0       0

0.5     0       43.25   0       0       0       0       0       0       0

0.25    0       0.25    0       0       0       0       0       0       0

0       0       0       0       0       0       0.5     0       0.25    0

0       0       0       0       0       0       41      0       1.25    0

0       0       0       0       0       0       0.25    0       0.25    0

0       0       0       0       0       0       1.25    0       41.5    0

0       0       0       0       0       0       0       0       0       0

0       0       0       0       0       0       0       0       0       0
