name,executionTime,simulatedTime,metricRecordStart,metricRecordDuration,appSchedulingTimeout,nHosts,activeHostsMax,activeHostsMean,activeHostsMin,activeHostsUtil,totalUtil,powerConsumed,powerMax,powerMean,powerMin,powerEfficiency,cpuUnderprovision,slaAchieveGTE99,slaAchieveGTE95,slaAchieveGTE90,slaAchieveLT90,slaAchieveMean,slaAchieveStdev,slaAchieveMax,slaAchieve95,slaAchieve75,slaAchieve50,slaAchieve25,slaAchieveMin,slaAggregateTotal,slaAggregateMax,slaAggregateMean,slaAggregateMin,slaApplicationMean,slaApplicationStdev,slaApplicationMax,slaApplication95,slaApplication75,slaApplication50,slaApplication25,slaApplicationMin,responseTimeMax,responseTimeMean,responseTimeMin,throughputMax,throughputMean,throughputMin,applicationsSpawned,applicationsShutdown,applicationPlacementsFailed,averageSize,messages-edu.uwo.csd.dcsim.management.events.HostStatusEvent,messageBW-edu.uwo.csd.dcsim.management.events.HostStatusEvent
AppExample,107,18000000,600000,17400000,0,4,1.0,1.0,1.0,1.401,0.35,0.053,10.981,10.981,10.981,48.995,0.0,1.0,1.0,1.0,0.0,100.0,0.0,100.0,100.0,100.0,100.0,100.0,100.0,0,0.0,0.0,0.0,0.0,0.0,0.0,0.0,0.0,0.0,0.0,0.0,0.013,0.013,0.013,22.427,22.427,22.427,0,0,0,1.0,59,0.0
AppExample,62,18000000,600000,17400000,0,4,1.0,1.0,1.0,2.802,0.701,0.058,11.961,11.961,11.961,89.956,0.0,2.0,2.0,2.0,0.0,100.0,0.0,100.0,100.0,100.0,100.0,100.0,100.0,0,0.0,0.0,0.0,0.0,0.0,0.0,0.0,0.0,0.0,0.0,0.0,0.013,0.013,0.013,22.427,22.427,22.427,0,0,0,1.0,59,0.0
AppExample,69,18000000,600000,17400000,0,4,1.0,1.0,1.0,4.203,1.051,0.063,12.942,12.942,12.942,124.708,0.0,3.0,3.0,3.0,0.0,100.0,0.0,100.0,100.0,100.0,100.0,100.0,100.0,0,0.0,0.0,0.0,0.0,0.0,0.0,0.0,0.0,0.0,0.0,0.0,0.013,0.013,0.013,22.427,22.427,22.427,0,0,0,1.0,59,0.0
AppExample,62,18000000,600000,17400000,0,4,1.0,1.0,1.0,5.604,1.401,0.067,13.923,13.923,13.923,154.565,0.0,4.0,4.0,4.0,0.0,100.0,0.0,100.0,100.0,100.0,100.0,100.0,100.0,0,0.0,0.0,0.0,0.0,0.0,0.0,0.0,0.0,0.0,0.0,0.0,0.013,0.013,0.013,22.427,22.427,22.427,0,0,0,1.0,59,0.0
AppExample,78,18000000,600000,17400000,0,4,1.0,1.0,1.0,7.005,1.751,0.072,14.904,14.904,14.904,180.493,0.0,5.0,5.0,5.0,0.0,100.0,0.0,100.0,100.0,100.0,100.0,100.0,100.0,0,0.0,0.0,0.0,0.0,0.0,0.0,0.0,0.0,0.0,0.0,0.0,0.013,0.013,0.013,22.427,22.427,22.427,0,0,0,1.0,59,0.0
AppExample,77,18000000,600000,17400000,0,4,1.0,1.0,1.0,8.406,2.102,0.077,15.884,15.884,15.884,203.219,0.0,6.0,6.0,6.0,0.0,100.0,0.0,100.0,100.0,100.0,100.0,100.0,100.0,0,0.0,0.0,0.0,0.0,0.0,0.0,0.0,0.0,0.0,0.0,0.0,0.013,0.013,0.013,22.427,22.427,22.427,0,0,0,1.0,59,0.0
AppExample,71,18000000,600000,17400000,0,4,1.0,1.0,1.0,9.807,2.452,0.082,16.865,16.865,16.865,223.301,0.0,7.0,7.0,7.0,0.0,100.0,0.0,100.0,100.0,100.0,100.0,100.0,100.0,0,0.0,0.0,0.0,0.0,0.0,0.0,0.0,0.0,0.0,0.0,0.0,0.013,0.013,0.013,22.427,22.427,22.427,0,0,0,1.0,59,0.0
AppExample,75,18000000,600000,17400000,0,4,1.0,1.0,1.0,11.208,2.802,0.086,17.846,17.846,17.846,241.177,0.0,8.0,8.0,8.0,0.0,100.0,0.0,100.0,100.0,100.0,100.0,100.0,100.0,0,0.0,0.0,0.0,0.0,0.0,0.0,0.0,0.0,0.0,0.0,0.0,0.013,0.013,0.013,22.427,22.427,22.427,0,0,0,1.0,59,0.0
AppExample,62,18000000,600000,17400000,0,4,1.0,1.0,1.0,12.609,3.152,0.091,18.827,18.827,18.827,257.19,0.0,9.0,9.0,9.0,0.0,100.0,0.0,100.0,100.0,100.0,100.0,100.0,100.0,0,0.0,0.0,0.0,0.0,0.0,0.0,0.0,0.0,0.0,0.0,0.0,0.013,0.013,0.013,22.427,22.427,22.427,0,0,0,1.0,59,0.0
AppExample,51,18000000,600000,17400000,0,4,1.0,1.0,1.0,14.01,3.503,0.096,19.807,19.807,19.807,271.617,0.0,10.0,10.0,10.0,0.0,100.0,0.0,100.0,100.0,100.0,100.0,100.0,100.0,0,0.0,0.0,0.0,0.0,0.0,0.0,0.0,0.0,0.0,0.0,0.0,0.013,0.013,0.013,22.427,22.427,22.427,0,0,0,1.0,59,0.0
AppExample,31,18000000,600000,17400000,0,4,1.0,1.0,1.0,15.411,3.853,0.1,20.788,20.788,20.788,284.683,0.0,11.0,11.0,11.0,0.0,100.0,0.0,100.0,100.0,100.0,100.0,100.0,100.0,0,0.0,0.0,0.0,0.0,0.0,0.0,0.0,0.0,0.0,0.0,0.0,0.013,0.013,0.013,22.427,22.427,22.427,0,0,0,1.0,59,0.0
AppExample,40,18000000,600000,17400000,0,4,2.0,2.0,2.0,8.406,4.203,0.154,31.769,31.769,31.769,203.219,0.0,12.0,12.0,12.0,0.0,100.0,0.0,100.0,100.0,100.0,100.0,100.0,100.0,0,0.0,0.0,0.0,0.0,0.0,0.0,0.0,0.0,0.0,0.0,0.0,0.013,0.013,0.013,22.427,22.427,22.427,0,0,0,1.0,118,0.0
AppExample,40,18000000,600000,17400000,0,4,2.0,2.0,2.0,9.107,4.553,0.158,32.749,32.749,32.749,213.561,0.0,13.0,13.0,13.0,0.0,100.0,0.0,100.0,100.0,100.0,100.0,100.0,100.0,0,0.0,0.0,0.0,0.0,0.0,0.0,0.0,0.0,0.0,0.0,0.0,0.013,0.013,0.013,22.427,22.427,22.427,0,0,0,1.0,118,0.0
AppExample,38,18000000,600000,17400000,0,4,2.0,2.0,2.0,9.807,4.904,0.163,33.73,33.73,33.73,223.301,0.0,14.0,14.0,14.0,0.0,100.0,0.0,100.0,100.0,100.0,100.0,100.0,100.0,0,0.0,0.0,0.0,0.0,0.0,0.0,0.0,0.0,0.0,0.0,0.0,0.013,0.013,0.013,22.427,22.427,22.427,0,0,0,1.0,118,0.0
AppExample,36,18000000,600000,17400000,0,4,2.0,2.0,2.0,10.508,5.254,0.168,34.711,34.711,34.711,232.492,0.0,15.0,15.0,15.0,0.0,100.0,0.0,100.0,100.0,100.0,100.0,100.0,100.0,0,0.0,0.0,0.0,0.0,0.0,0.0,0.0,0.0,0.0,0.0,0.0,0.013,0.013,0.013,22.427,22.427,22.427,0,0,0,1.0,118,0.0
AppExample,36,18000000,600000,17400000,0,4,2.0,2.0,2.0,11.208,5.604,0.173,35.692,35.692,35.692,241.177,0.0,16.0,16.0,16.0,0.0,100.0,0.0,100.0,100.0,100.0,100.0,100.0,100.0,0,0.0,0.0,0.0,0.0,0.0,0.0,0.0,0.0,0.0,0.0,0.0,0.013,0.013,0.013,22.427,22.427,22.427,0,0,0,1.0,118,0.0
AppExample,35,18000000,600000,17400000,0,4,2.0,2.0,2.0,11.909,5.954,0.177,36.672,36.672,36.672,249.397,0.0,17.0,17.0,17.0,0.0,100.0,0.0,100.0,100.0,100.0,100.0,100.0,100.0,0,0.0,0.0,0.0,0.0,0.0,0.0,0.0,0.0,0.0,0.0,0.0,0.013,0.013,0.013,22.427,22.427,22.427,0,0,0,1.0,118,0.0
AppExample,34,18000000,600000,17400000,0,4,2.0,2.0,2.0,12.609,6.305,0.182,37.653,37.653,37.653,257.19,0.0,18.0,18.0,18.0,0.0,100.0,0.0,100.0,100.0,100.0,100.0,100.0,100.0,0,0.0,0.0,0.0,0.0,0.0,0.0,0.0,0.0,0.0,0.0,0.0,0.013,0.013,0.013,22.427,22.427,22.427,0,0,0,1.0,118,0.0
AppExample,36,18000000,600000,17400000,0,4,2.0,2.0,2.0,13.31,6.655,0.187,38.634,38.634,38.634,264.587,0.0,19.0,19.0,19.0,0.0,100.0,0.0,100.0,100.0,100.0,100.0,100.0,100.0,0,0.0,0.0,0.0,0.0,0.0,0.0,0.0,0.0,0.0,0.0,0.0,0.013,0.013,0.013,22.427,22.427,22.427,0,0,0,1.0,118,0.0
AppExample,40,18000000,600000,17400000,0,4,2.0,2.0,2.0,14.01,7.005,0.191,39.615,39.615,39.615,271.617,0.0,20.0,20.0,20.0,0.0,100.0,0.0,100.0,100.0,100.0,100.0,100.0,100.0,0,0.0,0.0,0.0,0.0,0.0,0.0,0.0,0.0,0.0,0.0,0.0,0.013,0.013,0.013,22.427,22.427,22.427,0,0,0,1.0,118,0.0
AppExample,40,18000000,600000,17400000,0,4,2.0,2.0,2.0,14.711,7.355,0.196,40.595,40.595,40.595,278.308,0.0,21.0,21.0,21.0,0.0,100.0,0.0,100.0,100.0,100.0,100.0,100.0,100.0,0,0.0,0.0,0.0,0.0,0.0,0.0,0.0,0.0,0.0,0.0,0.0,0.013,0.013,0.013,22.427,22.427,22.427,0,0,0,1.0,118,0.0
AppExample,24,18000000,600000,17400000,0,4,2.0,2.0,2.0,15.411,7.706,0.201,41.576,41.576,41.576,284.683,0.0,22.0,22.0,22.0,0.0,100.0,0.0,100.0,100.0,100.0,100.0,100.0,100.0,0,0.0,0.0,0.0,0.0,0.0,0.0,0.0,0.0,0.0,0.0,0.0,0.013,0.013,0.013,22.427,22.427,22.427,0,0,0,1.0,118,0.0
AppExample,47,18000000,600000,17400000,0,4,3.0,3.0,3.0,10.741,8.056,0.254,52.557,52.557,52.557,235.441,0.0,23.0,23.0,23.0,0.0,100.0,0.0,100.0,100.0,100.0,100.0,100.0,100.0,0,0.0,0.0,0.0,0.0,0.0,0.0,0.0,0.0,0.0,0.0,0.0,0.013,0.013,0.013,22.427,22.427,22.427,0,0,0,1.0,177,0.0
AppExample,43,18000000,600000,17400000,0,4,3.0,3.0,3.0,11.208,8.406,0.259,53.538,53.538,53.538,241.177,0.0,24.0,24.0,24.0,0.0,100.0,0.0,100.0,100.0,100.0,100.0,100.0,100.0,0,0.0,0.0,0.0,0.0,0.0,0.0,0.0,0.0,0.0,0.0,0.0,0.013,0.013,0.013,22.427,22.427,22.427,0,0,0,1.0,177,0.0
AppExample,46,18000000,600000,17400000,0,4,3.0,3.0,3.0,11.675,8.757,0.264,54.518,54.518,54.518,246.706,0.0,25.0,25.0,25.0,0.0,100.0,0.0,100.0,100.0,100.0,100.0,100.0,100.0,0,0.0,0.0,0.0,0.0,0.0,0.0,0.0,0.0,0.0,0.0,0.0,0.013,0.013,0.013,22.427,22.427,22.427,0,0,0,1.0,177,0.0
AppExample,52,18000000,600000,17400000,0,4,3.0,3.0,3.0,12.142,9.107,0.268,55.499,55.499,55.499,252.041,0.0,26.0,26.0,26.0,0.0,100.0,0.0,100.0,100.0,100.0,100.0,100.0,100.0,0,0.0,0.0,0.0,0.0,0.0,0.0,0.0,0.0,0.0,0.0,0.0,0.013,0.013,0.013,22.427,22.427,22.427,0,0,0,1.0,177,0.0
AppExample,51,18000000,600000,17400000,0,4,3.0,3.0,3.0,12.609,9.457,0.273,56.48,56.48,56.48,257.19,0.0,27.0,27.0,27.0,0.0,100.0,0.0,100.0,100.0,100.0,100.0,100.0,100.0,0,0.0,0.0,0.0,0.0,0.0,0.0,0.0,0.0,0.0,0.0,0.0,0.013,0.013,0.013,22.427,22.427,22.427,0,0,0,1.0,177,0.0
AppExample,43,18000000,600000,17400000,0,4,3.0,3.0,3.0,13.076,9.807,0.278,57.46,57.46,57.46,262.163,0.0,28.0,28.0,28.0,0.0,100.0,0.0,100.0,100.0,100.0,100.0,100.0,100.0,0,0.0,0.0,0.0,0.0,0.0,0.0,0.0,0.0,0.0,0.0,0.0,0.013,0.013,0.013,22.427,22.427,22.427,0,0,0,1.0,177,0.0
AppExample,44,18000000,600000,17400000,0,4,3.0,3.0,3.0,13.543,10.158,0.282,58.441,58.441,58.441,266.969,0.0,29.0,29.0,29.0,0.0,100.0,0.0,100.0,100.0,100.0,100.0,100.0,100.0,0,0.0,0.0,0.0,0.0,0.0,0.0,0.0,0.0,0.0,0.0,0.0,0.013,0.013,0.013,22.427,22.427,22.427,0,0,0,1.0,177,0.0
AppExample,55,18000000,600000,17400000,0,4,3.0,3.0,3.0,14.01,10.508,0.287,59.422,59.422,59.422,271.617,0.0,30.0,30.0,30.0,0.0,100.0,0.0,100.0,100.0,100.0,100.0,100.0,100.0,0,0.0,0.0,0.0,0.0,0.0,0.0,0.0,0.0,0.0,0.0,0.0,0.013,0.013,0.013,22.427,22.427,22.427,0,0,0,1.0,177,0.0
AppExample,43,18000000,600000,17400000,0,4,3.0,3.0,3.0,14.477,10.858,0.292,60.403,60.403,60.403,276.114,0.0,31.0,31.0,31.0,0.0,100.0,0.0,100.0,100.0,100.0,100.0,100.0,100.0,0,0.0,0.0,0.0,0.0,0.0,0.0,0.0,0.0,0.0,0.0,0.0,0.013,0.013,0.013,22.427,22.427,22.427,0,0,0,1.0,177,0.0
AppExample,37,18000000,600000,17400000,0,4,3.0,3.0,3.0,14.944,11.208,0.297,61.383,61.383,61.383,280.467,0.0,32.0,32.0,32.0,0.0,100.0,0.0,100.0,100.0,100.0,100.0,100.0,100.0,0,0.0,0.0,0.0,0.0,0.0,0.0,0.0,0.0,0.0,0.0,0.0,0.013,0.013,0.013,22.427,22.427,22.427,0,0,0,1.0,177,0.0
AppExample,38,18000000,600000,17400000,0,4,3.0,3.0,3.0,15.411,11.559,0.301,62.364,62.364,62.364,284.683,0.0,33.0,33.0,33.0,0.0,100.0,0.0,100.0,100.0,100.0,100.0,100.0,100.0,0,0.0,0.0,0.0,0.0,0.0,0.0,0.0,0.0,0.0,0.0,0.0,0.013,0.013,0.013,22.427,22.427,22.427,0,0,0,1.0,177,0.0
AppExample,44,18000000,600000,17400000,0,4,4.0,4.0,4.0,11.909,11.909,0.354,73.345,73.345,73.345,249.397,0.0,34.0,34.0,34.0,0.0,100.0,0.0,100.0,100.0,100.0,100.0,100.0,100.0,0,0.0,0.0,0.0,0.0,0.0,0.0,0.0,0.0,0.0,0.0,0.0,0.013,0.013,0.013,22.427,22.427,22.427,0,0,0,1.0,236,0.0
AppExample,49,18000000,600000,17400000,0,4,4.0,4.0,4.0,12.259,12.259,0.359,74.326,74.326,74.326,253.345,0.0,35.0,35.0,35.0,0.0,100.0,0.0,100.0,100.0,100.0,100.0,100.0,100.0,0,0.0,0.0,0.0,0.0,0.0,0.0,0.0,0.0,0.0,0.0,0.0,0.013,0.013,0.013,22.427,22.427,22.427,0,0,0,1.0,236,0.0
AppExample,44,18000000,600000,17400000,0,4,4.0,4.0,4.0,12.609,12.609,0.364,75.306,75.306,75.306,257.19,0.0,36.0,36.0,36.0,0.0,100.0,0.0,100.0,100.0,100.0,100.0,100.0,100.0,0,0.0,0.0,0.0,0.0,0.0,0.0,0.0,0.0,0.0,0.0,0.0,0.013,0.013,0.013,22.427,22.427,22.427,0,0,0,1.0,236,0.0
AppExample,42,18000000,600000,17400000,0,4,4.0,4.0,4.0,12.96,12.96,0.369,76.287,76.287,76.287,260.936,0.0,37.0,37.0,37.0,0.0,100.0,0.0,100.0,100.0,100.0,100.0,100.0,100.0,0,0.0,0.0,0.0,0.0,0.0,0.0,0.0,0.0,0.0,0.0,0.0,0.013,0.013,0.013,22.427,22.427,22.427,0,0,0,1.0,236,0.0
AppExample,48,18000000,600000,17400000,0,4,4.0,4.0,4.0,13.31,13.31,0.373,77.268,77.268,77.268,264.587,0.0,38.0,38.0,38.0,0.0,100.0,0.0,100.0,100.0,100.0,100.0,100.0,100.0,0,0.0,0.0,0.0,0.0,0.0,0.0,0.0,0.0,0.0,0.0,0.0,0.013,0.013,0.013,22.427,22.427,22.427,0,0,0,1.0,236,0.0
AppExample,31,18000000,600000,17400000,0,4,4.0,4.0,4.0,13.66,13.66,0.378,78.248,78.248,78.248,268.146,0.0,39.0,39.0,39.0,0.0,100.0,0.0,100.0,100.0,100.0,100.0,100.0,100.0,0,0.0,0.0,0.0,0.0,0.0,0.0,0.0,0.0,0.0,0.0,0.0,0.013,0.013,0.013,22.427,22.427,22.427,0,0,0,1.0,236,0.0
AppExample,67,18000000,600000,17400000,0,4,4.0,4.0,4.0,14.01,14.01,0.383,79.229,79.229,79.229,271.617,0.0,40.0,40.0,40.0,0.0,100.0,0.0,100.0,100.0,100.0,100.0,100.0,100.0,0,0.0,0.0,0.0,0.0,0.0,0.0,0.0,0.0,0.0,0.0,0.0,0.013,0.013,0.013,22.427,22.427,22.427,0,0,0,1.0,236,0.0
AppExample,85,18000000,600000,17400000,0,4,4.0,4.0,4.0,14.361,14.361,0.388,80.21,80.21,80.21,275.003,0.0,41.0,41.0,41.0,0.0,100.0,0.0,100.0,100.0,100.0,100.0,100.0,100.0,0,0.0,0.0,0.0,0.0,0.0,0.0,0.0,0.0,0.0,0.0,0.0,0.013,0.013,0.013,22.427,22.427,22.427,0,0,0,1.0,236,0.0
AppExample,50,18000000,600000,17400000,0,4,4.0,4.0,4.0,14.711,14.711,0.392,81.191,81.191,81.191,278.308,0.0,42.0,42.0,42.0,0.0,100.0,0.0,100.0,100.0,100.0,100.0,100.0,100.0,0,0.0,0.0,0.0,0.0,0.0,0.0,0.0,0.0,0.0,0.0,0.0,0.013,0.013,0.013,22.427,22.427,22.427,0,0,0,1.0,236,0.0
AppExample,90,18000000,600000,17400000,0,4,4.0,4.0,4.0,15.061,15.061,0.397,82.171,82.171,82.171,281.534,0.0,43.0,43.0,43.0,0.0,100.0,0.0,100.0,100.0,100.0,100.0,100.0,100.0,0,0.0,0.0,0.0,0.0,0.0,0.0,0.0,0.0,0.0,0.0,0.0,0.013,0.013,0.013,22.427,22.427,22.427,0,0,0,1.0,236,0.0
AppExample,30,18000000,600000,17400000,0,4,4.0,4.0,4.0,15.411,15.411,0.402,83.152,83.152,83.152,284.683,0.0,44.0,44.0,44.0,0.0,100.0,0.0,100.0,100.0,100.0,100.0,100.0,100.0,0,0.0,0.0,0.0,0.0,0.0,0.0,0.0,0.0,0.0,0.0,0.0,0.013,0.013,0.013,22.427,22.427,22.427,0,0,0,1.0,236,0.0
AppExample,33,18000000,600000,17400000,0,4,4.0,4.0,4.0,15.411,15.411,0.402,83.152,83.152,83.152,284.683,0.0,44.0,44.0,44.0,1.0,97.778,14.907,100.0,100.0,100.0,100.0,100.0,0.0,17400,1.0,1.0,1.0,386.667,2593.839,17400.0,0.0,0.0,0.0,0.0,0.0,9.223372036854776E15,9.223372036854776E15,9.223372036854776E15,21.929,21.929,21.929,0,0,0,0.978,236,0.0
AppExample,38,18000000,600000,17400000,0,4,4.0,4.0,4.0,15.411,15.411,0.402,83.152,83.152,83.152,284.683,0.0,44.0,44.0,44.0,2.0,95.652,20.618,100.0,100.0,100.0,100.0,100.0,0.0,34800,2.0,2.0,2.0,756.522,3587.612,17400.0,11310.0,0.0,0.0,0.0,0.0,9.223372036854776E15,9.223372036854776E15,9.223372036854776E15,21.452,21.452,21.452,0,0,0,0.957,236,0.0
AppExample,37,18000000,600000,17400000,0,4,4.0,4.0,4.0,15.411,15.411,0.402,83.152,83.152,83.152,284.683,0.0,44.0,44.0,44.0,3.0,93.617,24.709,100.0,100.0,100.0,100.0,100.0,0.0,52200,3.0,3.0,3.0,1110.638,4299.405,17400.0,17400.0,0.0,0.0,0.0,0.0,9.223372036854776E15,9.223372036854776E15,9.223372036854776E15,20.996,20.996,20.996,0,0,0,0.936,236,0.0
AppExample,37,18000000,600000,17400000,0,4,4.0,4.0,4.0,15.411,15.411,0.402,83.152,83.152,83.152,284.683,0.0,44.0,44.0,44.0,4.0,91.667,27.931,100.0,100.0,100.0,100.0,100.0,0.0,69600,4.0,4.0,4.0,1450.0,4859.997,17400.0,17400.0,0.0,0.0,0.0,0.0,9.223372036854776E15,9.223372036854776E15,9.223372036854776E15,20.559,20.559,20.559,0,0,0,0.917,236,0.0
AppExample,33,18000000,600000,17400000,0,4,4.0,4.0,4.0,15.411,15.411,0.402,83.152,83.152,83.152,284.683,0.0,44.0,44.0,44.0,5.0,89.796,30.584,100.0,100.0,100.0,100.0,100.0,0.0,87000,5.0,5.0,5.0,1775.51,5321.596,17400.0,17400.0,0.0,0.0,0.0,0.0,9.223372036854776E15,9.223372036854776E15,9.223372036854776E15,20.139,20.139,20.139,0,0,0,0.898,236,0.0
AppExample,37,18000000,600000,17400000,0,4,4.0,4.0,4.0,15.411,15.411,0.402,83.152,83.152,83.152,284.683,0.0,44.0,44.0,44.0,6.0,88.0,32.826,100.0,100.0,100.0,100.0,100.0,0.0,104400,6.0,6.0,6.0,2088.0,5711.737,17400.0,17400.0,0.0,0.0,0.0,0.0,9.223372036854776E15,9.223372036854776E15,9.223372036854776E15,19.736,19.736,19.736,0,0,0,0.88,236,0.0
AppExample,32,18000000,600000,17400000,0,4,4.0,4.0,4.0,15.411,15.411,0.402,83.152,83.152,83.152,284.683,0.0,44.0,44.0,44.0,7.0,86.275,34.754,100.0,100.0,100.0,100.0,100.0,0.0,121800,7.0,7.0,7.0,2388.235,6047.203,17400.0,17400.0,0.0,0.0,0.0,0.0,9.223372036854776E15,9.223372036854776E15,9.223372036854776E15,19.349,19.349,19.349,0,0,0,0.863,236,0.0
AppExample,30,18000000,600000,17400000,0,4,4.0,4.0,4.0,15.411,15.411,0.402,83.152,83.152,83.152,284.683,0.0,44.0,44.0,44.0,8.0,84.615,36.432,100.0,100.0,100.0,100.0,100.0,0.0,139200,8.0,8.0,8.0,2676.923,6339.191,17400.0,17400.0,0.0,0.0,0.0,0.0,9.223372036854776E15,9.223372036854776E15,9.223372036854776E15,18.977,18.977,18.977,0,0,0,0.846,236,0.0
AppExample,34,18000000,600000,17400000,0,4,4.0,4.0,4.0,15.411,15.411,0.402,83.152,83.152,83.152,284.683,0.0,44.0,44.0,44.0,9.0,83.019,37.906,100.0,100.0,100.0,100.0,100.0,0.0,156600,9.0,9.0,9.0,2954.717,6595.644,17400.0,17400.0,0.0,0.0,0.0,0.0,9.223372036854776E15,9.223372036854776E15,9.223372036854776E15,18.619,18.619,18.619,0,0,0,0.83,236,0.0
AppExample,29,18000000,600000,17400000,0,4,4.0,4.0,4.0,15.411,15.411,0.402,83.152,83.152,83.152,284.683,0.0,44.0,44.0,44.0,10.0,81.481,39.21,100.0,100.0,100.0,100.0,100.0,0.0,174000,10.0,10.0,10.0,3222.222,6822.456,17400.0,17400.0,0.0,0.0,0.0,0.0,9.223372036854776E15,9.223372036854776E15,9.223372036854776E15,18.274,18.274,18.274,0,0,0,0.815,236,0.0
AppExample,21,18000000,600000,17400000,0,4,4.0,4.0,4.0,15.411,15.411,0.402,83.152,83.152,83.152,284.683,0.0,44.0,44.0,44.0,11.0,80.0,40.369,100.0,100.0,100.0,100.0,100.0,0.0,191400,11.0,11.0,11.0,3480.0,7024.149,17400.0,17400.0,0.0,0.0,0.0,0.0,9.223372036854776E15,9.223372036854776E15,9.223372036854776E15,17.942,17.942,17.942,0,0,0,0.8,236,0.0
AppExample,25,18000000,600000,17400000,0,4,4.0,4.0,4.0,15.411,15.411,0.402,83.152,83.152,83.152,284.683,0.0,44.0,44.0,44.0,12.0,78.571,41.404,100.0,100.0,100.0,100.0,100.0,0.0,208800,12.0,12.0,12.0,3728.571,7204.284,17400.0,17400.0,0.0,0.0,0.0,0.0,9.223372036854776E15,9.223372036854776E15,9.223372036854776E15,17.622,17.622,17.622,0,0,0,0.786,236,0.0
AppExample,23,18000000,600000,17400000,0,4,4.0,4.0,4.0,15.411,15.411,0.402,83.152,83.152,83.152,284.683,0.0,44.0,44.0,44.0,13.0,77.193,42.332,100.0,100.0,100.0,100.0,100.0,0.0,226200,13.0,13.0,13.0,3968.421,7365.73,17400.0,17400.0,0.0,0.0,0.0,0.0,9.223372036854776E15,9.223372036854776E15,9.223372036854776E15,17.312,17.312,17.312,0,0,0,0.772,236,0.0
AppExample,28,18000000,600000,17400000,0,4,4.0,4.0,4.0,15.411,15.411,0.402,83.152,83.152,83.152,284.683,0.0,44.0,44.0,44.0,14.0,75.862,43.166,100.0,100.0,100.0,100.0,75.0,0.0,243600,14.0,14.0,14.0,4200.0,7510.834,17400.0,17400.0,4350.0,0.0,0.0,0.0,9.223372036854776E15,9.223372036854776E15,9.223372036854776E15,17.014,17.014,17.014,0,0,0,0.759,236,0.0
AppExample,30,18000000,600000,17400000,0,4,4.0,4.0,4.0,15.411,15.411,0.402,83.152,83.152,83.152,284.683,0.0,44.0,44.0,44.0,15.0,74.576,43.917,100.0,100.0,100.0,100.0,0.0,0.0,261000,15.0,15.0,15.0,4423.729,7641.546,17400.0,17400.0,17400.0,0.0,0.0,0.0,9.223372036854776E15,9.223372036854776E15,9.223372036854776E15,16.726,16.726,16.726,0,0,0,0.746,236,0.0
AppExample,26,18000000,600000,17400000,0,4,4.0,4.0,4.0,15.411,15.411,0.402,83.152,83.152,83.152,284.683,0.0,44.0,44.0,44.0,16.0,73.333,44.595,100.0,100.0,100.0,100.0,0.0,0.0,278400,16.0,16.0,16.0,4640.0,7759.504,17400.0,17400.0,17400.0,0.0,0.0,0.0,9.223372036854776E15,9.223372036854776E15,9.223372036854776E15,16.447,16.447,16.447,0,0,0,0.733,236,0.0
AppExample,26,18000000,600000,17400000,0,4,4.0,4.0,4.0,15.411,15.411,0.402,83.152,83.152,83.152,284.683,0.0,44.0,44.0,44.0,17.0,72.131,45.207,100.0,100.0,100.0,100.0,0.0,0.0,295800,17.0,17.0,17.0,4849.18,7866.101,17400.0,17400.0,17400.0,0.0,0.0,0.0,9.223372036854776E15,9.223372036854776E15,9.223372036854776E15,16.177,16.177,16.177,0,0,0,0.721,236,0.0
AppExample,22,18000000,600000,17400000,0,4,4.0,4.0,4.0,15.411,15.411,0.402,83.152,83.152,83.152,284.683,0.0,44.0,44.0,44.0,18.0,70.968,45.762,100.0,100.0,100.0,100.0,0.0,0.0,313200,18.0,18.0,18.0,5051.613,7962.53,17400.0,17400.0,17400.0,0.0,0.0,0.0,9.223372036854776E15,9.223372036854776E15,9.223372036854776E15,15.916,15.916,15.916,0,0,0,0.71,236,0.0
AppExample,24,18000000,600000,17400000,0,4,4.0,4.0,4.0,15.411,15.411,0.402,83.152,83.152,83.152,284.683,0.0,44.0,44.0,44.0,19.0,69.841,46.263,100.0,100.0,100.0,100.0,0.0,0.0,330600,19.0,19.0,19.0,5247.619,8049.822,17400.0,17400.0,17400.0,0.0,0.0,0.0,9.223372036854776E15,9.223372036854776E15,9.223372036854776E15,15.664,15.664,15.664,0,0,0,0.698,236,0.0
AppExample,23,18000000,600000,17400000,0,4,4.0,4.0,4.0,15.411,15.411,0.402,83.152,83.152,83.152,284.683,0.0,44.0,44.0,44.0,20.0,68.75,46.718,100.0,100.0,100.0,100.0,0.0,0.0,348000,20.0,20.0,20.0,5437.5,8128.873,17400.0,17400.0,17400.0,0.0,0.0,0.0,9.223372036854776E15,9.223372036854776E15,9.223372036854776E15,15.419,15.419,15.419,0,0,0,0.688,236,0.0
AppExample,26,18000000,600000,17400000,0,4,4.0,4.0,4.0,15.411,15.411,0.402,83.152,83.152,83.152,284.683,0.0,44.0,44.0,44.0,21.0,67.692,47.129,100.0,100.0,100.0,100.0,0.0,0.0,365400,21.0,21.0,21.0,5621.538,8200.467,17400.0,17400.0,17400.0,0.0,0.0,0.0,9.223372036854776E15,9.223372036854776E15,9.223372036854776E15,15.182,15.182,15.182,0,0,0,0.677,236,0.0
AppExample,25,18000000,600000,17400000,0,4,4.0,4.0,4.0,15.411,15.411,0.402,83.152,83.152,83.152,284.683,0.0,44.0,44.0,44.0,22.0,66.667,47.502,100.0,100.0,100.0,100.0,0.0,0.0,382800,22.0,22.0,22.0,5800.0,8265.294,17400.0,17400.0,17400.0,0.0,0.0,0.0,9.223372036854776E15,9.223372036854776E15,9.223372036854776E15,14.952,14.952,14.952,0,0,0,0.667,236,0.0
AppExample,24,18000000,600000,17400000,0,4,4.0,4.0,4.0,15.411,15.411,0.402,83.152,83.152,83.152,284.683,0.0,44.0,44.0,44.0,23.0,65.672,47.839,100.0,100.0,100.0,100.0,0.0,0.0,400200,23.0,23.0,23.0,5973.134,8323.963,17400.0,17400.0,17400.0,0.0,0.0,0.0,9.223372036854776E15,9.223372036854776E15,9.223372036854776E15,14.729,14.729,14.729,0,0,0,0.657,236,0.0
AppExample,25,18000000,600000,17400000,0,4,4.0,4.0,4.0,15.411,15.411,0.402,83.152,83.152,83.152,284.683,0.0,44.0,44.0,44.0,24.0,64.706,48.144,100.0,100.0,100.0,100.0,0.0,0.0,417600,24.0,24.0,24.0,6141.176,8377.016,17400.0,17400.0,17400.0,0.0,0.0,0.0,9.223372036854776E15,9.223372036854776E15,9.223372036854776E15,14.512,14.512,14.512,0,0,0,0.647,236,0.0
AppExample,24,18000000,600000,17400000,0,4,4.0,4.0,4.0,15.411,15.411,0.402,83.152,83.152,83.152,284.683,0.0,44.0,44.0,44.0,25.0,63.768,48.419,100.0,100.0,100.0,100.0,0.0,0.0,435000,25.0,25.0,25.0,6304.348,8424.936,17400.0,17400.0,17400.0,0.0,0.0,0.0,9.223372036854776E15,9.223372036854776E15,9.223372036854776E15,14.302,14.302,14.302,0,0,0,0.638,236,0.0
AppExample,21,18000000,600000,17400000,0,4,4.0,4.0,4.0,15.411,15.411,0.402,83.152,83.152,83.152,284.683,0.0,44.0,44.0,44.0,26.0,62.857,48.668,100.0,100.0,100.0,100.0,0.0,0.0,452400,26.0,26.0,26.0,6462.857,8468.153,17400.0,17400.0,17400.0,0.0,0.0,0.0,9.223372036854776E15,9.223372036854776E15,9.223372036854776E15,14.097,14.097,14.097,0,0,0,0.629,236,0.0
AppExample,20,18000000,600000,17400000,0,4,4.0,4.0,4.0,15.411,15.411,0.402,83.152,83.152,83.152,284.683,0.0,44.0,44.0,44.0,27.0,61.972,48.891,100.0,100.0,100.0,100.0,0.0,0.0,469800,27.0,27.0,27.0,6616.901,8507.056,17400.0,17400.0,17400.0,0.0,0.0,0.0,9.223372036854776E15,9.223372036854776E15,9.223372036854776E15,13.899,13.899,13.899,0,0,0,0.62,236,0.0
AppExample,20,18000000,600000,17400000,0,4,4.0,4.0,4.0,15.411,15.411,0.402,83.152,83.152,83.152,284.683,0.0,44.0,44.0,44.0,28.0,61.111,49.092,100.0,100.0,100.0,100.0,0.0,0.0,487200,28.0,28.0,28.0,6766.667,8541.992,17400.0,17400.0,17400.0,0.0,0.0,0.0,9.223372036854776E15,9.223372036854776E15,9.223372036854776E15,13.706,13.706,13.706,0,0,0,0.611,236,0.0
AppExample,17,18000000,600000,17400000,0,4,4.0,4.0,4.0,15.411,15.411,0.402,83.152,83.152,83.152,284.683,0.0,44.0,44.0,44.0,29.0,60.274,49.272,100.0,100.0,100.0,100.0,0.0,0.0,504600,29.0,29.0,29.0,6912.329,8573.278,17400.0,17400.0,17400.0,0.0,0.0,0.0,9.223372036854776E15,9.223372036854776E15,9.223372036854776E15,13.518,13.518,13.518,0,0,0,0.603,236,0.0
AppExample,23,18000000,600000,17400000,0,4,4.0,4.0,4.0,15.411,15.411,0.402,83.152,83.152,83.152,284.683,0.0,44.0,44.0,44.0,30.0,59.459,49.432,100.0,100.0,100.0,100.0,0.0,0.0,522000,30.0,30.0,30.0,7054.054,8601.198,17400.0,17400.0,17400.0,0.0,0.0,0.0,9.223372036854776E15,9.223372036854776E15,9.223372036854776E15,13.335,13.335,13.335,0,0,0,0.595,236,0.0
AppExample,24,18000000,600000,17400000,0,4,4.0,4.0,4.0,15.411,15.411,0.402,83.152,83.152,83.152,284.683,0.0,44.0,44.0,44.0,31.0,58.667,49.575,100.0,100.0,100.0,100.0,0.0,0.0,539400,31.0,31.0,31.0,7192.0,8626.01,17400.0,17400.0,17400.0,0.0,0.0,0.0,9.223372036854776E15,9.223372036854776E15,9.223372036854776E15,13.157,13.157,13.157,0,0,0,0.587,236,0.0
AppExample,25,18000000,600000,17400000,0,4,4.0,4.0,4.0,15.411,15.411,0.402,83.152,83.152,83.152,284.683,0.0,44.0,44.0,44.0,32.0,57.895,49.701,100.0,100.0,100.0,100.0,0.0,0.0,556800,32.0,32.0,32.0,7326.316,8647.95,17400.0,17400.0,17400.0,0.0,0.0,0.0,9.223372036854776E15,9.223372036854776E15,9.223372036854776E15,12.984,12.984,12.984,0,0,0,0.579,236,0.0
AppExample,25,18000000,600000,17400000,0,4,4.0,4.0,4.0,15.411,15.411,0.402,83.152,83.152,83.152,284.683,0.0,44.0,44.0,44.0,33.0,57.143,49.812,100.0,100.0,100.0,100.0,0.0,0.0,574200,33.0,33.0,33.0,7457.143,8667.232,17400.0,17400.0,17400.0,0.0,0.0,0.0,9.223372036854776E15,9.223372036854776E15,9.223372036854776E15,12.816,12.816,12.816,0,0,0,0.571,236,0.0
AppExample,17,18000000,600000,17400000,0,4,4.0,4.0,4.0,15.411,15.411,0.402,83.152,83.152,83.152,284.683,0.0,44.0,44.0,44.0,34.0,56.41,49.908,100.0,100.0,100.0,100.0,0.0,0.0,591600,34.0,34.0,34.0,7584.615,8684.051,17400.0,17400.0,17400.0,0.0,0.0,0.0,9.223372036854776E15,9.223372036854776E15,9.223372036854776E15,12.651,12.651,12.651,0,0,0,0.564,236,0.0
AppExample,19,18000000,600000,17400000,0,4,4.0,4.0,4.0,15.411,15.411,0.402,83.152,83.152,83.152,284.683,0.0,44.0,44.0,44.0,35.0,55.696,49.992,100.0,100.0,100.0,100.0,0.0,0.0,609000,35.0,35.0,35.0,7708.861,8698.588,17400.0,17400.0,17400.0,0.0,0.0,0.0,9.223372036854776E15,9.223372036854776E15,9.223372036854776E15,12.491,12.491,12.491,0,0,0,0.557,236,0.0
AppExample,21,18000000,600000,17400000,0,4,4.0,4.0,4.0,15.411,15.411,0.402,83.152,83.152,83.152,284.683,0.0,44.0,44.0,44.0,36.0,55.0,50.063,100.0,100.0,100.0,100.0,0.0,0.0,626400,36.0,36.0,36.0,7830.0,8711.006,17400.0,17400.0,17400.0,0.0,0.0,0.0,9.223372036854776E15,9.223372036854776E15,9.223372036854776E15,12.335,12.335,12.335,0,0,0,0.55,236,0.0
AppExample,22,18000000,600000,17400000,0,4,4.0,4.0,4.0,15.411,15.411,0.402,83.152,83.152,83.152,284.683,0.0,44.0,44.0,44.0,37.0,54.321,50.123,100.0,100.0,100.0,100.0,0.0,0.0,643800,37.0,37.0,37.0,7948.148,8721.455,17400.0,17400.0,17400.0,0.0,0.0,0.0,9.223372036854776E15,9.223372036854776E15,9.223372036854776E15,12.183,12.183,12.183,0,0,0,0.543,236,0.0
AppExample,22,18000000,600000,17400000,0,4,4.0,4.0,4.0,15.411,15.411,0.402,83.152,83.152,83.152,284.683,0.0,44.0,44.0,44.0,38.0,53.659,50.173,100.0,100.0,100.0,100.0,0.0,0.0,661200,38.0,38.0,38.0,8063.415,8730.074,17400.0,17400.0,17400.0,0.0,0.0,0.0,9.223372036854776E15,9.223372036854776E15,9.223372036854776E15,12.034,12.034,12.034,0,0,0,0.537,236,0.0
AppExample,24,18000000,600000,17400000,0,4,4.0,4.0,4.0,15.411,15.411,0.402,83.152,83.152,83.152,284.683,0.0,44.0,44.0,44.0,39.0,53.012,50.213,100.0,100.0,100.0,100.0,0.0,0.0,678600,39.0,39.0,39.0,8175.904,8736.992,17400.0,17400.0,17400.0,0.0,0.0,0.0,9.223372036854776E15,9.223372036854776E15,9.223372036854776E15,11.889,11.889,11.889,0,0,0,0.53,236,0.0
AppExample,22,18000000,600000,17400000,0,4,4.0,4.0,4.0,15.411,15.411,0.402,83.152,83.152,83.152,284.683,0.0,44.0,44.0,44.0,40.0,52.381,50.243,100.0,100.0,100.0,100.0,0.0,0.0,696000,40.0,40.0,40.0,8285.714,8742.324,17400.0,17400.0,17400.0,0.0,0.0,0.0,9.223372036854776E15,9.223372036854776E15,9.223372036854776E15,11.748,11.748,11.748,0,0,0,0.524,236,0.0
AppExample,25,18000000,600000,17400000,0,4,4.0,4.0,4.0,15.411,15.411,0.402,83.152,83.152,83.152,284.683,0.0,44.0,44.0,44.0,41.0,51.765,50.265,100.0,100.0,100.0,100.0,0.0,0.0,713400,41.0,41.0,41.0,8392.941,8746.18,17400.0,17400.0,17400.0,0.0,0.0,0.0,9.223372036854776E15,9.223372036854776E15,9.223372036854776E15,11.61,11.61,11.61,0,0,0,0.518,236,0.0
AppExample,18,18000000,600000,17400000,0,4,4.0,4.0,4.0,15.411,15.411,0.402,83.152,83.152,83.152,284.683,0.0,44.0,44.0,44.0,42.0,51.163,50.28,100.0,100.0,100.0,100.0,0.0,0.0,730800,42.0,42.0,42.0,8497.674,8748.66,17400.0,17400.0,17400.0,0.0,0.0,0.0,9.223372036854776E15,9.223372036854776E15,9.223372036854776E15,11.475,11.475,11.475,0,0,0,0.512,236,0.0
AppExample,18,18000000,600000,17400000,0,4,4.0,4.0,4.0,15.411,15.411,0.402,83.152,83.152,83.152,284.683,0.0,44.0,44.0,44.0,43.0,50.575,50.287,100.0,100.0,100.0,100.0,0.0,0.0,748200,43.0,43.0,43.0,8600.0,8749.857,17400.0,17400.0,17400.0,0.0,0.0,0.0,9.223372036854776E15,9.223372036854776E15,9.223372036854776E15,11.343,11.343,11.343,0,0,0,0.506,236,0.0
AppExample,18,18000000,600000,17400000,0,4,4.0,4.0,4.0,15.411,15.411,0.402,83.152,83.152,83.152,284.683,0.0,44.0,44.0,44.0,44.0,50.0,50.287,100.0,100.0,100.0,50.0,0.0,0.0,765600,44.0,44.0,44.0,8700.0,8749.857,17400.0,17400.0,17400.0,8700.0,0.0,0.0,9.223372036854776E15,9.223372036854776E15,9.223372036854776E15,11.214,11.214,11.214,0,0,0,0.5,236,0.0
AppExample,21,18000000,600000,17400000,0,4,4.0,4.0,4.0,15.411,15.411,0.402,83.152,83.152,83.152,284.683,0.0,44.0,44.0,44.0,45.0,49.438,50.28,100.0,100.0,100.0,0.0,0.0,0.0,783000,45.0,45.0,45.0,8797.753,8748.74,17400.0,17400.0,17400.0,17400.0,0.0,0.0,9.223372036854776E15,9.223372036854776E15,9.223372036854776E15,11.088,11.088,11.088,0,0,0,0.494,236,0.0
AppExample,19,18000000,600000,17400000,0,4,4.0,4.0,4.0,15.411,15.411,0.402,83.152,83.152,83.152,284.683,0.0,44.0,44.0,44.0,46.0,48.889,50.268,100.0,100.0,100.0,0.0,0.0,0.0,800400,46.0,46.0,46.0,8893.333,8746.579,17400.0,17400.0,17400.0,17400.0,0.0,0.0,9.223372036854776E15,9.223372036854776E15,9.223372036854776E15,10.965,10.965,10.965,0,0,0,0.489,236,0.0
AppExample,20,18000000,600000,17400000,0,4,4.0,4.0,4.0,15.411,15.411,0.402,83.152,83.152,83.152,284.683,0.0,44.0,44.0,44.0,47.0,48.352,50.25,100.0,100.0,100.0,0.0,0.0,0.0,817800,47.0,47.0,47.0,8986.813,8743.445,17400.0,17400.0,17400.0,17400.0,0.0,0.0,9.223372036854776E15,9.223372036854776E15,9.223372036854776E15,10.844,10.844,10.844,0,0,0,0.484,236,0.0
AppExample,22,18000000,600000,17400000,0,4,4.0,4.0,4.0,15.411,15.411,0.402,83.152,83.152,83.152,284.683,0.0,44.0,44.0,44.0,48.0,47.826,50.226,100.0,100.0,100.0,0.0,0.0,0.0,835200,48.0,48.0,48.0,9078.261,8739.4,17400.0,17400.0,17400.0,17400.0,0.0,0.0,9.223372036854776E15,9.223372036854776E15,9.223372036854776E15,10.726,10.726,10.726,0,0,0,0.478,236,0.0
AppExample,24,18000000,600000,17400000,0,4,4.0,4.0,4.0,15.411,15.411,0.402,83.152,83.152,83.152,284.683,0.0,44.0,44.0,44.0,49.0,47.312,50.198,100.0,100.0,100.0,0.0,0.0,0.0,852600,49.0,49.0,49.0,9167.742,8734.504,17400.0,17400.0,17400.0,17400.0,0.0,0.0,9.223372036854776E15,9.223372036854776E15,9.223372036854776E15,10.611,10.611,10.611,0,0,0,0.473,236,0.0
AppExample,25,18000000,600000,17400000,0,4,4.0,4.0,4.0,15.411,15.411,0.402,83.152,83.152,83.152,284.683,0.0,44.0,44.0,44.0,50.0,46.809,50.166,100.0,100.0,100.0,0.0,0.0,0.0,870000,50.0,50.0,50.0,9255.319,8728.813,17400.0,17400.0,17400.0,17400.0,0.0,0.0,9.223372036854776E15,9.223372036854776E15,9.223372036854776E15,10.498,10.498,10.498,0,0,0,0.468,236,0.0
AppExample,28,18000000,600000,17400000,0,4,4.0,4.0,4.0,15.411,15.411,0.402,83.152,83.152,83.152,284.683,0.0,44.0,44.0,44.0,51.0,46.316,50.129,100.0,100.0,100.0,0.0,0.0,0.0,887400,51.0,51.0,51.0,9341.053,8722.379,17400.0,17400.0,17400.0,17400.0,0.0,0.0,9.223372036854776E15,9.223372036854776E15,9.223372036854776E15,10.387,10.387,10.387,0,0,0,0.463,236,0.0
AppExample,26,18000000,600000,17400000,0,4,4.0,4.0,4.0,15.411,15.411,0.402,83.152,83.152,83.152,284.683,0.0,44.0,44.0,44.0,52.0,45.833,50.088,100.0,100.0,100.0,0.0,0.0,0.0,904800,52.0,52.0,52.0,9425.0,8715.25,17400.0,17400.0,17400.0,17400.0,0.0,0.0,9.223372036854776E15,9.223372036854776E15,9.223372036854776E15,10.279,10.279,10.279,0,0,0,0.458,236,0.0
AppExample,28,18000000,600000,17400000,0,4,4.0,4.0,4.0,15.411,15.411,0.402,83.152,83.152,83.152,284.683,0.0,44.0,44.0,44.0,53.0,45.361,50.043,100.0,100.0,100.0,0.0,0.0,0.0,922200,53.0,53.0,53.0,9507.216,8707.471,17400.0,17400.0,17400.0,17400.0,0.0,0.0,9.223372036854776E15,9.223372036854776E15,9.223372036854776E15,10.173,10.173,10.173,0,0,0,0.454,236,0.0
AppExample,23,18000000,600000,17400000,0,4,4.0,4.0,4.0,15.411,15.411,0.402,83.152,83.152,83.152,284.683,0.0,44.0,44.0,44.0,54.0,44.898,49.995,100.0,100.0,100.0,0.0,0.0,0.0,939600,54.0,54.0,54.0,9587.755,8699.085,17400.0,17400.0,17400.0,17400.0,0.0,0.0,9.223372036854776E15,9.223372036854776E15,9.223372036854776E15,10.069,10.069,10.069,0,0,0,0.449,236,0.0
AppExample,26,18000000,600000,17400000,0,4,4.0,4.0,4.0,15.411,15.411,0.402,83.152,83.152,83.152,284.683,0.0,44.0,44.0,44.0,55.0,44.444,49.943,100.0,100.0,100.0,0.0,0.0,0.0,957000,55.0,55.0,55.0,9666.667,8690.13,17400.0,17400.0,17400.0,17400.0,0.0,0.0,9.223372036854776E15,9.223372036854776E15,9.223372036854776E15,9.968,9.968,9.968,0,0,0,0.444,236,0.0
AppExample,29,18000000,600000,17400000,0,4,4.0,4.0,4.0,15.411,15.411,0.402,83.152,83.152,83.152,284.683,0.0,44.0,44.0,44.0,56.0,44.0,49.889,100.0,100.0,100.0,0.0,0.0,0.0,974400,56.0,56.0,56.0,9744.0,8680.645,17400.0,17400.0,17400.0,17400.0,0.0,0.0,9.223372036854776E15,9.223372036854776E15,9.223372036854776E15,9.868,9.868,9.868,0,0,0,0.44,236,0.0
