22.427
22.427
22.427
22.427
22.427
22.427
22.427
22.427
22.427
22.427
22.427
22.427
22.427
22.427
22.427
22.427
22.427
22.427
22.427
22.427
22.427
22.427
22.427
22.427
22.427
22.427
22.427
22.427
22.427
22.427
22.427
22.427
22.427
22.427
22.427
22.427
22.427
22.427
22.427
22.427
22.427
22.427
22.427
22.427
22.427
22.427
22.427
22.427
22.427
22.427
22.427
22.427
22.427
22.427
22.427
22.427
22.427
22.427
22.427
22.427
22.06
21.704
21.36
21.026
20.702
20.389
20.084
19.789
19.502
19.224
18.953
18.69
18.434
18.184
17.942
17.706
17.476
17.252
17.034
16.821
16.613
16.41
16.213
16.02
15.831
15.647
15.467
15.291
15.12
14.952
14.787
14.627
14.469
14.315
14.165
14.017
13.873
13.731
13.592
13.456
13.323
13.193
13.065
12.939
12.816
12.695
12.576
12.46
12.345
12.233
12.123
12.015
11.908
11.804
11.701
11.6
11.501
11.404
11.308
11.214
11.121
11.03
10.94
10.852
10.765
10.68
10.596
10.513
10.431
10.351
10.272
10.194
10.118
10.042
9.968
9.894
9.822
9.751
9.681
9.612
9.544
9.476
9.41
9.345
9.28
9.217
9.154
9.092
9.031
8.971
